755.116
749.274
750.5
751.727
752.954
754.18
742.219
743.444
744.67
745.896
747.121
748.347
749.572
750.797
752.022
753.248
736.403
737.628
738.853
740.078
741.302
742.527
743.751
744.975
746.2
747.424
748.648
749.872
751.096
752.319
730.601
731.825
733.049
734.273
735.496
736.72
737.943
739.167
740.39
741.613
742.836
744.059
745.282
746.505
747.728
748.95
750.173
751.395
723.589
724.812
726.035
727.258
728.481
729.704
730.926
732.149
733.371
734.593
735.815
737.038
738.26
739.482
740.703
741.925
743.147
744.369
745.59
746.811
748.033
749.254
750.475
717.815
719.037
720.259
721.48
722.702
723.924
725.145
726.367
727.588
728.81
730.031
731.252
732.473
733.694
734.915
736.136
737.357
738.577
739.798
741.018
742.239
743.459
744.679
745.899
747.119
748.339
749.559
712.053
713.274
714.495
715.716
716.937
718.157
719.378
720.598
721.819
723.039
724.26
725.48
726.7
727.92
729.14
730.36
731.58
732.799
734.019
735.238
736.458
737.677
738.896
740.116
741.335
742.554
743.773
744.991
746.21
747.429
748.647
705.084
706.304
707.524
708.744
709.964
711.184
712.404
713.623
714.843
716.062
717.282
718.501
719.72
720.94
722.159
723.378
724.596
725.815
727.034
728.253
729.471
730.69
731.908
733.126
734.345
735.563
736.781
737.999
739.217
740.435
741.652
742.87
744.088
745.305
746.522
747.74
699.349
700.568
701.787
703.006
704.225
705.444
706.663
707.881
709.1
710.319
711.537
712.756
713.974
715.192
716.41
717.628
718.846
720.064
721.282
722.5
723.717
724.935
726.152
727.369
728.587
729.804
731.021
732.238
733.455
734.672
735.889
737.105
738.322
739.539
740.755
741.971
743.188
744.404
745.62
746.836
692.408
693.626
694.845
696.063
697.281
698.499
699.717
700.935
702.153
703.37
704.588
705.805
707.023
708.24
709.457
710.675
711.892
713.109
714.326
715.542
716.759
717.976
719.192
720.409
721.625
722.842
724.058
725.274
726.49
727.706
728.922
730.138
731.354
732.569
733.785
735
736.216
737.431
738.646
739.862
741.077
742.292
743.507
744.721
745.936
686.7
687.917
689.134
690.352
691.569
692.786
694.003
695.22
696.437
697.653
698.87
700.087
701.303
702.519
703.736
704.952
706.168
707.384
708.6
709.816
711.032
712.247
713.463
714.679
715.894
717.109
718.325
719.54
720.755
721.97
723.185
724.4
725.615
726.83
728.044
729.259
730.473
731.688
732.902
734.116
735.33
736.544
737.758
738.972
740.186
741.4
742.613
743.827
745.04
679.788
681.004
682.221
683.437
684.653
685.869
687.085
688.301
689.517
690.733
691.949
693.165
694.38
695.596
696.811
698.027
699.242
700.457
701.672
702.887
704.102
705.317
706.532
707.746
708.961
710.176
711.39
712.604
713.819
715.033
716.247
717.461
718.675
719.889
721.103
722.316
723.53
724.743
725.957
727.17
728.383
729.597
730.81
732.023
733.236
734.449
735.661
736.874
738.087
739.299
740.512
741.724
742.936
744.149
674.106
675.321
676.537
677.752
678.967
680.183
681.398
682.613
683.828
685.043
686.258
687.472
688.687
689.901
691.116
692.33
693.545
694.759
695.973
697.187
698.401
699.615
700.829
702.043
703.256
704.47
705.683
706.897
708.11
709.323
710.536
711.75
712.963
714.175
715.388
716.601
717.814
719.026
720.239
721.451
722.664
723.876
725.088
726.3
727.512
728.724
729.936
731.148
732.359
733.571
734.782
735.994
737.205
738.416
739.628
740.839
742.05
743.261
667.222
668.436
669.651
670.865
672.08
673.294
674.509
675.723
676.937
678.151
679.365
680.579
681.792
683.006
684.22
685.433
686.647
687.86
689.073
690.287
691.5
692.713
693.926
695.139
696.351
697.564
698.777
699.989
701.202
702.414
703.626
704.839
706.051
707.263
708.475
709.687
710.898
712.11
713.322
714.533
715.745
716.956
718.168
719.379
720.59
721.801
723.012
724.223
725.434
726.645
727.855
729.066
730.276
731.487
732.697
733.907
735.118
736.328
737.538
738.748
739.957
741.167
742.377
661.566
662.78
663.993
665.207
666.42
667.634
668.847
670.06
671.273
672.487
673.699
674.912
676.125
677.338
678.551
679.763
680.976
682.188
683.401
684.613
685.825
687.037
688.249
689.461
690.673
691.885
693.096
694.308
695.519
696.731
697.942
699.153
700.365
701.576
702.787
703.998
705.209
706.419
707.63
708.841
710.051
711.262
712.472
713.682
714.893
716.103
717.313
718.523
719.733
720.942
722.152
723.362
724.571
725.781
726.99
728.2
729.409
730.618
731.827
733.036
734.245
735.454
736.663
737.871
739.08
740.289
741.497
654.71
655.923
657.135
658.348
659.561
660.773
661.986
663.198
664.41
665.623
666.835
668.047
669.259
670.471
671.682
672.894
674.106
675.317
676.529
677.74
678.951
680.163
681.374
682.585
683.796
685.007
686.218
687.428
688.639
689.85
691.06
692.27
693.481
694.691
695.901
697.111
698.321
699.531
700.741
701.951
703.161
704.37
705.58
706.789
707.998
709.208
710.417
711.626
712.835
714.044
715.253
716.462
717.67
718.879
720.088
721.296
722.505
723.713
724.921
726.129
727.337
728.545
729.753
730.961
732.169
733.377
734.584
735.792
736.999
738.206
739.414
647.868
649.08
650.292
651.504
652.715
653.927
655.139
656.35
657.562
658.773
659.984
661.195
662.407
663.618
664.828
666.039
667.25
668.461
669.671
670.882
672.092
673.303
674.513
675.723
676.933
678.143
679.353
680.563
681.773
682.983
684.192
685.402
686.611
687.821
689.03
690.239
691.448
692.657
693.866
695.075
696.284
697.493
698.702
699.91
701.119
702.327
703.535
704.744
705.952
707.16
708.368
709.576
710.784
711.992
713.199
714.407
715.615
716.822
718.029
719.237
720.444
721.651
722.858
724.065
725.272
726.479
727.686
728.892
730.099
731.305
732.512
642.252
643.463
644.674
645.884
647.095
648.306
649.517
650.727
651.938
653.148
654.358
655.569
656.779
657.989
659.199
660.409
661.619
662.828
664.038
665.248
666.457
667.666
668.876
670.085
671.294
672.503
673.712
674.921
676.13
677.339
678.548
679.756
680.965
682.173
683.382
684.59
685.798
687.006
688.214
689.422
690.63
691.838
693.046
694.253
695.461
696.668
697.876
699.083
700.29
701.497
702.705
703.912
705.118
706.325
707.532
708.739
709.945
711.152
712.358
713.565
714.771
715.977
717.183
718.39
719.596
720.801
722.007
723.213
724.419
725.624
726.83
635.437
636.648
637.858
639.068
640.278
641.487
642.697
643.907
645.117
646.326
647.536
648.745
649.954
651.163
652.372
653.582
654.79
655.999
657.208
658.417
659.626
660.834
662.043
663.251
664.459
665.667
666.876
668.084
669.292
670.5
671.707
672.915
674.123
675.33
676.538
677.745
678.953
680.16
681.367
682.574
683.781
684.988
686.195
687.402
688.609
689.815
691.022
692.228
693.435
694.641
695.847
697.053
698.26
699.466
700.671
701.877
703.083
704.289
705.494
706.7
707.905
709.111
710.316
711.521
712.726
713.931
715.136
716.341
717.546
718.751
719.956
628.637
629.847
631.056
632.265
633.474
634.683
635.892
637.101
638.31
639.518
640.727
641.935
643.144
644.352
645.56
646.769
647.977
649.185
650.393
651.6
652.808
654.016
655.224
656.431
657.638
658.846
660.053
661.26
662.467
663.675
664.882
666.088
667.295
668.502
669.709
670.915
672.122
673.328
674.534
675.741
676.947
678.153
679.359
680.565
681.771
682.977
684.182
685.388
686.593
687.799
689.004
690.21
691.415
692.62
693.825
695.03
696.235
697.44
698.645
699.849
701.054
702.258
703.463
704.667
705.871
707.076
708.28
709.484
710.688
711.892
713.096
714.299
623.06
624.268
625.477
626.685
627.893
629.101
630.309
631.517
632.725
633.932
635.14
636.347
637.555
638.762
639.97
641.177
642.384
643.591
644.798
646.005
647.212
648.419
649.625
650.832
652.038
653.245
654.451
655.657
656.864
658.07
659.276
660.482
661.688
662.893
664.099
665.305
666.51
667.716
668.921
670.126
671.332
672.537
673.742
674.947
676.152
677.357
678.562
679.766
680.971
682.175
683.38
684.584
685.788
686.993
688.197
689.401
690.605
691.809
693.013
694.216
695.42
696.624
697.827
699.031
700.234
701.437
702.64
703.844
705.047
706.25
707.453
616.287
617.495
618.702
619.91
621.117
622.324
623.531
624.738
625.945
627.152
628.359
629.565
630.772
631.978
633.185
634.391
635.597
636.804
638.01
639.216
640.422
641.628
642.834
644.039
645.245
646.45
647.656
648.861
650.067
651.272
652.477
653.682
654.887
656.092
657.297
658.502
659.707
660.911
662.116
663.32
664.525
665.729
666.933
668.137
669.341
670.545
671.749
672.953
674.157
675.36
676.564
677.768
678.971
680.174
681.378
682.581
683.784
684.987
686.19
687.393
688.596
689.799
691.001
692.204
693.406
694.609
695.811
697.013
698.216
699.418
700.62
609.529
610.735
611.942
613.148
614.355
615.561
616.767
617.973
619.179
620.385
621.591
622.797
624.003
625.208
626.414
627.62
628.825
630.03
631.236
632.441
633.646
634.851
636.056
637.261
638.465
639.67
640.875
642.079
643.284
644.488
645.693
646.897
648.101
649.305
650.509
651.713
652.917
654.121
655.324
656.528
657.731
658.935
660.138
661.342
662.545
663.748
664.951
666.154
667.357
668.56
669.762
670.965
672.168
673.37
674.573
675.775
676.977
678.18
679.382
680.584
681.786
682.988
684.189
685.391
686.593
687.794
688.996
690.197
691.399
692.6
693.801
695.002
602.784
603.99
605.195
606.401
607.606
608.812
610.017
611.223
612.428
613.633
614.838
616.043
617.248
618.452
619.657
620.862
622.066
623.271
624.475
625.68
626.884
628.088
629.292
630.496
631.7
632.904
634.108
635.311
636.515
637.718
638.922
640.125
641.329
642.532
643.735
644.938
646.141
647.344
648.547
649.75
650.952
652.155
653.357
654.56
655.762
656.964
658.167
659.369
660.571
661.773
662.975
664.177
665.378
666.58
667.782
668.983
670.184
671.386
672.587
673.788
674.989
676.191
677.391
678.592
679.793
680.994
682.195
683.395
684.596
685.796
686.997
688.197
596.053
597.258
598.463
599.668
600.872
602.077
603.281
604.486
605.69
606.894
608.098
609.302
610.506
611.71
612.914
614.118
615.322
616.525
617.729
618.932
620.136
621.339
622.542
623.745
624.948
626.151
627.354
628.557
629.76
630.963
632.165
633.368
634.57
635.773
636.975
638.177
639.379
640.581
641.783
642.985
644.187
645.389
646.59
647.792
648.993
650.195
651.396
652.598
653.799
655
656.201
657.402
658.603
659.804
661.004
662.205
663.406
664.606
665.807
667.007
668.207
669.407
670.608
671.808
673.008
674.207
675.407
676.607
677.807
679.006
680.206
681.405
589.336
590.54
591.744
592.948
594.152
595.355
596.559
597.763
598.966
600.169
601.373
602.576
603.779
604.982
606.185
607.388
608.591
609.794
610.996
612.199
613.401
614.604
615.806
617.009
618.211
619.413
620.615
621.817
623.019
624.221
625.422
626.624
627.826
629.027
630.229
631.43
632.631
633.832
635.034
636.235
637.436
638.636
639.837
641.038
642.239
643.439
644.64
645.84
647.041
648.241
649.441
650.641
651.841
653.041
654.241
655.441
656.641
657.84
659.04
660.239
661.439
662.638
663.837
665.037
666.236
667.435
668.634
669.833
671.032
672.23
673.429
674.628
583.836
585.039
586.242
587.445
588.648
589.851
591.053
592.256
593.458
594.661
595.863
597.066
598.268
599.47
600.672
601.874
603.076
604.278
605.479
606.681
607.883
609.084
610.286
611.487
612.688
613.889
615.09
616.291
617.492
618.693
619.894
621.095
622.296
623.496
624.697
625.897
627.097
628.298
629.498
630.698
631.898
633.098
634.298
635.498
636.697
637.897
639.097
640.296
641.496
642.695
643.894
645.093
646.292
647.492
648.69
649.889
651.088
652.287
653.486
654.684
655.883
657.081
658.279
659.478
660.676
661.874
663.072
664.27
665.468
666.666
667.864
577.146
578.348
579.55
580.752
581.954
583.156
584.358
585.56
586.761
587.963
589.164
590.366
591.567
592.768
593.97
595.171
596.372
597.573
598.774
599.974
601.175
602.376
603.576
604.777
605.977
607.177
608.378
609.578
610.778
611.978
613.178
614.378
615.578
616.777
617.977
619.177
620.376
621.576
622.775
623.974
625.173
626.372
627.571
628.77
629.969
631.168
632.367
633.565
634.764
635.963
637.161
638.359
639.558
640.756
641.954
643.152
644.35
645.548
646.746
647.943
649.141
650.339
651.536
652.734
653.931
655.128
656.325
657.523
658.72
659.917
661.114
662.31
570.469
571.671
572.872
574.073
575.274
576.475
577.676
578.877
580.078
581.278
582.479
583.68
584.88
586.081
587.281
588.481
589.681
590.881
592.081
593.281
594.481
595.681
596.881
598.08
599.28
600.479
601.679
602.878
604.077
605.276
606.476
607.675
608.874
610.072
611.271
612.47
613.669
614.867
616.066
617.264
618.462
619.661
620.859
622.057
623.255
624.453
625.651
626.849
628.046
629.244
630.441
631.639
632.836
634.034
635.231
636.428
637.625
638.822
640.019
641.216
642.413
643.61
644.806
646.003
647.2
648.396
649.592
650.789
651.985
653.181
654.377
655.573
563.806
565.007
566.207
567.408
568.608
569.808
571.008
572.208
573.408
574.608
575.808
577.007
578.207
579.406
580.606
581.805
583.005
584.204
585.403
586.602
587.801
589
590.199
591.398
592.596
593.795
594.993
596.192
597.39
598.589
599.787
600.985
602.183
603.381
604.579
605.777
606.975
608.172
609.37
610.568
611.765
612.962
614.16
615.357
616.554
617.751
618.948
620.145
621.342
622.539
623.736
624.932
626.129
627.325
628.522
629.718
630.914
632.111
633.307
634.503
635.699
636.895
638.091
639.286
640.482
641.678
642.873
644.069
645.264
646.459
647.654
648.85
557.157
558.357
559.556
560.756
561.955
563.154
564.353
565.553
566.752
567.951
569.15
570.348
571.547
572.746
573.944
575.143
576.341
577.54
578.738
579.936
581.134
582.332
583.53
584.728
585.926
587.124
588.322
589.519
590.717
591.914
593.112
594.309
595.506
596.703
597.9
599.097
600.294
601.491
602.688
603.885
605.081
606.278
607.474
608.671
609.867
611.063
612.259
613.456
614.652
615.848
617.043
618.239
619.435
620.631
621.826
623.022
624.217
625.412
626.608
627.803
628.998
630.193
631.388
632.583
633.778
634.973
636.167
637.362
638.556
639.751
640.945
642.14
550.521
551.72
552.919
554.117
555.316
556.514
557.712
558.911
560.109
561.307
562.505
563.703
564.901
566.099
567.296
568.494
569.692
570.889
572.087
573.284
574.481
575.679
576.876
578.073
579.27
580.467
581.663
582.86
584.057
585.253
586.45
587.646
588.843
590.039
591.235
592.432
593.628
594.824
596.02
597.215
598.411
599.607
600.802
601.998
603.193
604.389
605.584
606.779
607.975
609.17
610.365
611.56
612.755
613.949
615.144
616.339
617.533
618.728
619.922
621.117
622.311
623.505
624.699
625.893
627.087
628.281
629.475
630.669
631.863
633.056
634.25
635.443
543.899
545.097
546.295
547.492
548.69
549.887
551.085
552.282
553.48
554.677
555.874
557.071
558.268
559.465
560.662
561.859
563.056
564.252
565.449
566.645
567.842
569.038
570.234
571.431
572.627
573.823
575.019
576.215
577.41
578.606
579.802
580.997
582.193
583.388
584.584
585.779
586.974
588.169
589.365
590.56
591.754
592.949
594.144
595.339
596.533
597.728
598.922
600.117
601.311
602.505
603.7
604.894
606.088
607.282
608.476
609.669
610.863
612.057
613.25
614.444
615.637
616.831
618.024
619.217
620.41
621.603
622.796
623.989
625.182
626.375
627.568
628.76
536.093
537.29
538.487
539.684
540.881
542.078
543.274
544.471
545.667
546.864
548.06
549.257
550.453
551.649
552.845
554.041
555.237
556.433
557.629
558.824
560.02
561.216
562.411
563.607
564.802
565.997
567.192
568.387
569.582
570.777
571.972
573.167
574.362
575.557
576.751
577.946
579.14
580.335
581.529
582.723
583.917
585.111
586.305
587.499
588.693
589.887
591.081
592.274
593.468
594.661
595.855
597.048
598.241
599.434
600.627
601.821
603.014
604.206
605.399
606.592
607.785
608.977
610.17
611.362
612.555
613.747
614.939
616.131
617.323
618.515
619.707
620.899
622.091
529.498
530.694
531.891
533.087
534.283
535.479
536.674
537.87
539.066
540.261
541.457
542.652
543.848
545.043
546.238
547.434
548.629
549.824
551.019
552.213
553.408
554.603
555.798
556.992
558.187
559.381
560.575
561.77
562.964
564.158
565.352
566.546
567.74
568.934
570.127
571.321
572.515
573.708
574.902
576.095
577.288
578.481
579.675
580.868
582.061
583.254
584.446
585.639
586.832
588.025
589.217
590.41
591.602
592.794
593.987
595.179
596.371
597.563
598.755
599.947
601.139
602.33
603.522
604.714
605.905
607.097
608.288
609.479
610.671
611.862
613.053
614.244
615.435
522.917
524.112
525.307
526.503
527.698
528.893
530.088
531.283
532.478
533.672
534.867
536.062
537.256
538.451
539.645
540.839
542.033
543.228
544.422
545.616
546.81
548.003
549.197
550.391
551.585
552.778
553.972
555.165
556.358
557.552
558.745
559.938
561.131
562.324
563.517
564.71
565.902
567.095
568.288
569.48
570.673
571.865
573.057
574.25
575.442
576.634
577.826
579.018
580.21
581.401
582.593
583.785
584.976
586.168
587.359
588.551
589.742
590.933
592.124
593.315
594.506
595.697
596.888
598.079
599.269
600.46
601.651
602.841
604.031
605.222
606.412
607.602
608.792
516.349
517.543
518.738
519.932
521.126
522.32
523.515
524.709
525.903
527.097
528.29
529.484
530.678
531.871
533.065
534.258
535.452
536.645
537.838
539.031
540.224
541.417
542.61
543.803
544.996
546.189
547.381
548.574
549.766
550.959
552.151
553.343
554.535
555.728
556.92
558.112
559.303
560.495
561.687
562.879
564.07
565.262
566.453
567.645
568.836
570.027
571.218
572.409
573.6
574.791
575.982
577.173
578.364
579.554
580.745
581.936
583.126
584.316
585.507
586.697
587.887
589.077
590.267
591.457
592.647
593.837
595.026
596.216
597.405
598.595
599.784
600.974
602.163
509.794
510.988
512.181
513.375
514.568
515.761
516.955
518.148
519.341
520.534
521.727
522.92
524.113
525.305
526.498
527.691
528.883
530.075
531.268
532.46
533.652
534.844
536.037
537.229
538.42
539.612
540.804
541.996
543.187
544.379
545.57
546.762
547.953
549.144
550.336
551.527
552.718
553.909
555.1
556.29
557.481
558.672
559.862
561.053
562.243
563.434
564.624
565.814
567.005
568.195
569.385
570.575
571.765
572.954
574.144
575.334
576.523
577.713
578.902
580.092
581.281
582.47
583.659
584.848
586.037
587.226
588.415
589.604
590.793
591.981
593.17
594.359
595.547
502.059
503.252
504.445
505.638
506.83
508.023
509.215
510.408
511.6
512.792
513.984
515.177
516.369
517.561
518.752
519.944
521.136
522.328
523.519
524.711
525.902
527.093
528.285
529.476
530.667
531.858
533.049
534.24
535.431
536.622
537.812
539.003
540.194
541.384
542.574
543.765
544.955
546.145
547.335
548.525
549.715
550.905
552.095
553.285
554.475
555.664
556.854
558.043
559.233
560.422
561.611
562.8
563.989
565.178
566.367
567.556
568.745
569.934
571.123
572.311
573.5
574.688
575.877
577.065
578.253
579.441
580.629
581.817
583.005
584.193
585.381
586.569
587.757
495.532
496.724
497.916
499.107
500.299
501.491
502.683
503.874
505.066
506.257
507.448
508.639
509.831
511.022
512.213
513.404
514.595
515.785
516.976
518.167
519.357
520.548
521.738
522.929
524.119
525.309
526.499
527.689
528.879
530.069
531.259
532.449
533.639
534.828
536.018
537.207
538.397
539.586
540.775
541.964
543.154
544.343
545.532
546.72
547.909
549.098
550.287
551.475
552.664
553.852
555.041
556.229
557.417
558.606
559.794
560.982
562.17
563.358
564.545
565.733
566.921
568.109
569.296
570.484
571.671
572.858
574.046
575.233
576.42
577.607
578.794
579.981
581.168
489.017
490.208
491.399
492.59
493.781
494.972
496.163
497.353
498.544
499.735
500.925
502.115
503.306
504.496
505.686
506.876
508.066
509.256
510.446
511.636
512.825
514.015
515.205
516.394
517.584
518.773
519.962
521.151
522.341
523.53
524.719
525.908
527.096
528.285
529.474
530.663
531.851
533.04
534.228
535.416
536.605
537.793
538.981
540.169
541.357
542.545
543.733
544.921
546.108
547.296
548.484
549.671
550.858
552.046
553.233
554.42
555.607
556.794
557.981
559.168
560.355
561.542
562.729
563.915
565.102
566.288
567.475
568.661
569.847
571.034
572.22
573.406
574.592
482.516
483.706
484.896
486.086
487.276
488.466
489.656
490.846
492.036
493.225
494.415
495.604
496.794
497.983
499.172
500.362
501.551
502.74
503.929
505.118
506.307
507.496
508.684
509.873
511.061
512.25
513.438
514.627
515.815
517.003
518.191
519.379
520.567
521.755
522.943
524.131
525.319
526.506
527.694
528.882
530.069
531.256
532.444
533.631
534.818
536.005
537.192
538.379
539.566
540.753
541.939
543.126
544.313
545.499
546.685
547.872
549.058
550.244
551.43
552.617
553.803
554.989
556.174
557.36
558.546
559.732
560.917
562.103
563.288
564.473
565.659
566.844
568.029
474.837
476.027
477.216
478.406
479.595
480.784
481.973
483.162
484.351
485.54
486.729
487.918
489.106
490.295
491.483
492.672
493.86
495.048
496.237
497.425
498.613
499.801
500.989
502.177
503.365
504.552
505.74
506.927
508.115
509.302
510.49
511.677
512.864
514.051
515.239
516.426
517.613
518.799
519.986
521.173
522.36
523.546
524.733
525.919
527.105
528.292
529.478
530.664
531.85
533.036
534.222
535.408
536.594
537.78
538.965
540.151
541.336
542.522
543.707
544.892
546.078
547.263
548.448
549.633
550.818
552.003
553.188
554.372
555.557
556.742
557.926
559.111
560.295
561.479
468.363
469.551
470.74
471.928
473.117
474.305
475.493
476.681
477.869
479.057
480.245
481.433
482.621
483.809
484.996
486.184
487.372
488.559
489.746
490.934
492.121
493.308
494.495
495.682
496.869
498.056
499.243
500.43
501.616
502.803
503.989
505.176
506.362
507.548
508.735
509.921
511.107
512.293
513.479
514.665
515.851
517.036
518.222
519.408
520.593
521.779
522.964
524.149
525.334
526.52
527.705
528.89
530.075
531.26
532.444
533.629
534.814
535.998
537.183
538.367
539.552
540.736
541.92
543.105
544.289
545.473
546.657
547.841
549.025
550.208
551.392
552.576
553.759
460.713
461.901
463.088
464.276
465.464
466.651
467.839
469.026
470.213
471.4
472.588
473.775
474.962
476.149
477.336
478.522
479.709
480.896
482.082
483.269
484.455
485.642
486.828
488.014
489.2
490.387
491.573
492.759
493.944
495.13
496.316
497.502
498.687
499.873
501.058
502.244
503.429
504.614
505.799
506.984
508.169
509.354
510.539
511.724
512.909
514.094
515.278
516.463
517.647
518.832
520.016
521.2
522.384
523.568
524.752
525.936
527.12
528.304
529.488
530.672
531.855
533.039
534.222
535.406
536.589
537.772
538.956
540.139
541.322
542.505
543.688
544.871
546.053
547.236
454.264
455.451
456.638
457.825
459.012
460.198
461.385
462.572
463.758
464.944
466.131
467.317
468.503
469.689
470.875
472.061
473.247
474.433
475.619
476.804
477.99
479.175
480.361
481.546
482.732
483.917
485.102
486.287
487.472
488.657
489.842
491.027
492.212
493.396
494.581
495.765
496.95
498.134
499.319
500.503
501.687
502.871
504.055
505.239
506.423
507.607
508.791
509.974
511.158
512.341
513.525
514.708
515.892
517.075
518.258
519.441
520.624
521.807
522.99
524.173
525.356
526.539
527.721
528.904
530.086
531.269
532.451
533.634
534.816
535.998
537.18
538.362
539.544
540.726
446.643
447.829
449.015
450.201
451.387
452.573
453.759
454.944
456.13
457.316
458.501
459.687
460.872
462.057
463.242
464.428
465.613
466.798
467.983
469.168
470.352
471.537
472.722
473.906
475.091
476.275
477.46
478.644
479.828
481.013
482.197
483.381
484.565
485.749
486.932
488.116
489.3
490.484
491.667
492.851
494.034
495.217
496.401
497.584
498.767
499.95
501.133
502.316
503.499
504.682
505.864
507.047
508.229
509.412
510.594
511.777
512.959
514.141
515.323
516.506
517.688
518.869
520.051
521.233
522.415
523.597
524.778
525.96
527.141
528.323
529.504
530.685
531.866
533.048
440.221
441.406
442.591
443.776
444.961
446.146
447.331
448.516
449.701
450.886
452.07
453.255
454.44
455.624
456.808
457.993
459.177
460.361
461.545
462.729
463.913
465.097
466.281
467.465
468.648
469.832
471.016
472.199
473.382
474.566
475.749
476.932
478.115
479.298
480.481
481.664
482.847
484.03
485.213
486.395
487.578
488.76
489.943
491.125
492.307
493.49
494.672
495.854
497.036
498.218
499.4
500.581
501.763
502.945
504.126
505.308
506.489
507.671
508.852
510.033
511.215
512.396
513.577
514.758
515.939
517.119
518.3
519.481
520.662
521.842
523.023
524.203
525.383
526.564
432.627
433.811
434.996
436.18
437.364
438.549
439.733
440.917
442.101
443.285
444.469
445.652
446.836
448.02
449.204
450.387
451.571
452.754
453.937
455.12
456.304
457.487
458.67
459.853
461.036
462.219
463.401
464.584
465.767
466.949
468.132
469.314
470.496
471.679
472.861
474.043
475.225
476.407
477.589
478.771
479.953
481.134
482.316
483.498
484.679
485.861
487.042
488.223
489.405
490.586
491.767
492.948
494.129
495.31
496.49
497.671
498.852
500.033
501.213
502.394
503.574
504.754
505.935
507.115
508.295
509.475
510.655
511.835
513.015
514.195
515.374
516.554
517.734
518.913
426.231
427.414
428.598
429.781
430.965
432.148
433.332
434.515
435.698
436.881
438.064
439.247
440.43
441.613
442.796
443.978
445.161
446.343
447.526
448.708
449.891
451.073
452.255
453.437
454.619
455.801
456.983
458.165
459.347
460.528
461.71
462.892
464.073
465.255
466.436
467.617
468.798
469.98
471.161
472.342
473.523
474.704
475.884
477.065
478.246
479.426
480.607
481.787
482.968
484.148
485.328
486.509
487.689
488.869
490.049
491.229
492.409
493.588
494.768
495.948
497.127
498.307
499.486
500.666
501.845
503.024
504.203
505.382
506.561
507.74
508.919
510.098
511.277
512.456
418.664
419.847
421.03
422.213
423.395
424.578
425.761
426.943
428.125
429.308
430.49
431.672
432.854
434.036
435.218
436.4
437.582
438.764
439.945
441.127
442.309
443.49
444.672
445.853
447.034
448.215
449.397
450.578
451.759
452.94
454.12
455.301
456.482
457.663
458.843
460.024
461.204
462.384
463.565
464.745
465.925
467.105
468.285
469.465
470.645
471.825
473.005
474.184
475.364
476.544
477.723
478.903
480.082
481.261
482.44
483.62
484.799
485.978
487.157
488.335
489.514
490.693
491.872
493.05
494.229
495.407
496.586
497.764
498.942
500.121
501.299
502.477
503.655
504.833
412.294
413.476
414.658
415.84
417.022
418.204
419.385
420.567
421.749
422.93
424.111
425.293
426.474
427.655
428.836
430.017
431.198
432.379
433.56
434.741
435.922
437.102
438.283
439.463
440.644
441.824
443.004
444.185
445.365
446.545
447.725
448.905
450.085
451.264
452.444
453.624
454.803
455.983
457.162
458.342
459.521
460.7
461.88
463.059
464.238
465.417
466.596
467.775
468.953
470.132
471.311
472.489
473.668
474.846
476.025
477.203
478.381
479.559
480.737
481.915
483.093
484.271
485.449
486.627
487.805
488.982
490.16
491.337
492.515
493.692
494.869
496.047
497.224
498.401
404.755
405.937
407.118
408.299
409.48
410.661
411.842
413.023
414.203
415.384
416.565
417.745
418.926
420.106
421.286
422.467
423.647
424.827
426.007
427.187
428.367
429.547
430.727
431.906
433.086
434.266
435.445
436.625
437.804
438.983
440.162
441.342
442.521
443.7
444.879
446.058
447.236
448.415
449.594
450.773
451.951
453.13
454.308
455.486
456.665
457.843
459.021
460.199
461.377
462.555
463.733
464.911
466.088
467.266
468.444
469.621
470.799
471.976
473.153
474.331
475.508
476.685
477.862
479.039
480.216
481.393
482.57
483.747
484.923
486.1
487.276
488.453
489.629
490.806
397.231
398.411
399.591
400.772
401.952
403.132
404.312
405.492
406.672
407.852
409.032
410.212
411.391
412.571
413.751
414.93
416.11
417.289
418.468
419.647
420.827
422.006
423.185
424.364
425.542
426.721
427.9
429.079
430.257
431.436
432.614
433.793
434.971
436.149
437.327
438.505
439.684
440.861
442.039
443.217
444.395
445.573
446.75
447.928
449.105
450.283
451.46
452.638
453.815
454.992
456.169
457.346
458.523
459.7
460.877
462.054
463.23
464.407
465.584
466.76
467.936
469.113
470.289
471.465
472.642
473.818
474.994
476.17
477.346
478.521
479.697
480.873
482.049
483.224
484.4
389.72
390.899
392.079
393.259
394.438
395.617
396.797
397.976
399.155
400.334
401.513
402.692
403.871
405.05
406.229
407.408
408.586
409.765
410.943
412.122
413.3
414.478
415.657
416.835
418.013
419.191
420.369
421.547
422.724
423.902
425.08
426.257
427.435
428.613
429.79
430.967
432.145
433.322
434.499
435.676
436.853
438.03
439.207
440.384
441.56
442.737
443.914
445.09
446.267
447.443
448.619
449.796
450.972
452.148
453.324
454.5
455.676
456.852
458.028
459.203
460.379
461.555
462.73
463.906
465.081
466.256
467.432
468.607
469.782
470.957
472.132
473.307
474.482
475.657
476.831
383.402
384.581
385.759
386.938
388.117
389.295
390.474
391.652
392.83
394.009
395.187
396.365
397.543
398.721
399.899
401.077
402.254
403.432
404.61
405.787
406.965
408.142
409.32
410.497
411.674
412.851
414.029
415.206
416.383
417.559
418.736
419.913
421.09
422.266
423.443
424.62
425.796
426.972
428.149
429.325
430.501
431.677
432.853
434.029
435.205
436.381
437.557
438.732
439.908
441.083
442.259
443.434
444.61
445.785
446.96
448.135
449.311
450.486
451.661
452.835
454.01
455.185
456.36
457.534
458.709
459.883
461.058
462.232
463.407
464.581
465.755
466.929
468.103
469.277
375.918
377.096
378.274
379.452
380.63
381.807
382.985
384.163
385.34
386.518
387.695
388.872
390.05
391.227
392.404
393.581
394.758
395.935
397.112
398.289
399.465
400.642
401.819
402.995
404.172
405.348
406.524
407.701
408.877
410.053
411.229
412.405
413.581
414.757
415.933
417.108
418.284
419.46
420.635
421.811
422.986
424.161
425.337
426.512
427.687
428.862
430.037
431.212
432.387
433.561
434.736
435.911
437.085
438.26
439.434
440.609
441.783
442.957
444.132
445.306
446.48
447.654
448.828
450.002
451.175
452.349
453.523
454.696
455.87
457.043
458.217
459.39
460.564
461.737
462.91
368.448
369.625
370.802
371.979
373.156
374.333
375.51
376.687
377.864
379.041
380.217
381.394
382.57
383.747
384.923
386.099
387.276
388.452
389.628
390.804
391.98
393.156
394.331
395.507
396.683
397.858
399.034
400.21
401.385
402.56
403.736
404.911
406.086
407.261
408.436
409.611
410.786
411.961
413.135
414.31
415.485
416.659
417.834
419.008
420.183
421.357
422.531
423.705
424.879
426.053
427.227
428.401
429.575
430.749
431.922
433.096
434.27
435.443
436.617
437.79
438.963
440.136
441.31
442.483
443.656
444.829
446.002
447.174
448.347
449.52
450.693
451.865
453.038
454.21
455.383
360.992
362.168
363.344
364.521
365.697
366.873
368.049
369.225
370.401
371.577
372.753
373.929
375.105
376.28
377.456
378.631
379.807
380.982
382.157
383.333
384.508
385.683
386.858
388.033
389.208
390.383
391.557
392.732
393.907
395.081
396.256
397.43
398.605
399.779
400.953
402.127
403.302
404.476
405.65
406.823
407.997
409.171
410.345
411.518
412.692
413.866
415.039
416.212
417.386
418.559
419.732
420.905
422.078
423.251
424.424
425.597
426.77
427.943
429.115
430.288
431.46
432.633
433.805
434.978
436.15
437.322
438.494
439.666
440.838
442.01
443.182
444.354
445.526
446.697
447.869
353.549
354.725
355.9
357.076
358.251
359.427
360.602
361.777
362.952
364.128
365.303
366.478
367.653
368.827
370.002
371.177
372.352
373.526
374.701
375.875
377.05
378.224
379.398
380.572
381.747
382.921
384.095
385.269
386.442
387.616
388.79
389.964
391.137
392.311
393.484
394.658
395.831
397.004
398.177
399.351
400.524
401.697
402.87
404.042
405.215
406.388
407.561
408.733
409.906
411.078
412.251
413.423
414.595
415.768
416.94
418.112
419.284
420.456
421.628
422.799
423.971
425.143
426.315
427.486
428.658
429.829
431
432.172
433.343
434.514
435.685
436.856
438.027
439.198
440.369
346.12
347.295
348.47
349.645
350.819
351.994
353.168
354.343
355.517
356.692
357.866
359.04
360.214
361.388
362.562
363.736
364.91
366.084
367.258
368.431
369.605
370.779
371.952
373.126
374.299
375.472
376.645
377.819
378.992
380.165
381.338
382.51
383.683
384.856
386.029
387.201
388.374
389.546
390.719
391.891
393.064
394.236
395.408
396.58
397.752
398.924
400.096
401.268
402.44
403.611
404.783
405.954
407.126
408.297
409.469
410.64
411.811
412.983
414.154
415.325
416.496
417.667
418.838
420.008
421.179
422.35
423.52
424.691
425.861
427.032
428.202
429.373
430.543
431.713
432.883
338.705
339.879
341.053
342.227
343.401
344.575
345.748
346.922
348.096
349.269
350.443
351.616
352.79
353.963
355.136
356.309
357.482
358.655
359.828
361.001
362.174
363.347
364.52
365.692
366.865
368.037
369.21
370.382
371.554
372.727
373.899
375.071
376.243
377.415
378.587
379.759
380.931
382.102
383.274
384.446
385.617
386.789
387.96
389.131
390.303
391.474
392.645
393.816
394.987
396.158
397.329
398.5
399.67
400.841
402.012
403.182
404.353
405.523
406.693
407.864
409.034
410.204
411.374
412.544
413.714
414.884
416.054
417.224
418.393
419.563
420.733
421.902
423.072
424.241
425.41
331.303
332.476
333.65
334.823
335.996
337.169
338.342
339.515
340.688
341.861
343.033
344.206
345.378
346.551
347.723
348.896
350.068
351.24
352.413
353.585
354.757
355.929
357.101
358.273
359.444
360.616
361.788
362.959
364.131
365.302
366.474
367.645
368.816
369.988
371.159
372.33
373.501
374.672
375.843
377.013
378.184
379.355
380.525
381.696
382.867
384.037
385.207
386.378
387.548
388.718
389.888
391.058
392.228
393.398
394.568
395.738
396.907
398.077
399.247
400.416
401.586
402.755
403.924
405.094
406.263
407.432
408.601
409.77
410.939
412.108
413.277
414.446
415.614
416.783
417.951
419.12
323.915
325.087
326.26
327.432
328.605
329.777
330.949
332.121
333.293
334.465
335.637
336.809
337.981
339.153
340.324
341.496
342.667
343.839
345.01
346.182
347.353
348.524
349.695
350.866
352.037
353.208
354.379
355.55
356.721
357.891
359.062
360.233
361.403
362.574
363.744
364.914
366.084
367.255
368.425
369.595
370.765
371.935
373.105
374.274
375.444
376.614
377.783
378.953
380.122
381.292
382.461
383.63
384.8
385.969
387.138
388.307
389.476
390.645
391.813
392.982
394.151
395.32
396.488
397.657
398.825
399.993
401.162
402.33
403.498
404.666
405.834
407.002
408.17
409.338
410.506
411.674
316.54
317.712
318.883
320.055
321.227
322.398
323.57
324.741
325.912
327.083
328.255
329.426
330.597
331.768
332.938
334.109
335.28
336.451
337.621
338.792
339.962
341.133
342.303
343.474
344.644
345.814
346.984
348.154
349.324
350.494
351.664
352.834
354.003
355.173
356.343
357.512
358.682
359.851
361.02
362.19
363.359
364.528
365.697
366.866
368.035
369.204
370.373
371.542
372.71
373.879
375.047
376.216
377.384
378.553
379.721
380.889
382.057
383.226
384.394
385.562
386.73
387.897
389.065
390.233
391.401
392.568
393.736
394.903
396.071
397.238
398.405
399.573
400.74
401.907
403.074
404.241
309.179
310.35
311.52
312.691
313.862
315.033
316.203
317.374
318.544
319.715
320.885
322.056
323.226
324.396
325.566
326.736
327.906
329.076
330.246
331.416
332.585
333.755
334.925
336.094
337.264
338.433
339.602
340.772
341.941
343.11
344.279
345.448
346.617
347.786
348.955
350.123
351.292
352.461
353.629
354.798
355.966
357.135
358.303
359.471
360.639
361.808
362.976
364.144
365.311
366.479
367.647
368.815
369.983
371.15
372.318
373.485
374.653
375.82
376.987
378.154
379.322
380.489
381.656
382.823
383.99
385.157
386.323
387.49
388.657
389.823
390.99
392.156
393.323
394.489
395.655
396.822
301.831
303.001
304.171
305.341
306.511
307.681
308.851
310.02
311.19
312.36
313.529
314.699
315.868
317.038
318.207
319.376
320.546
321.715
322.884
324.053
325.222
326.391
327.559
328.728
329.897
331.065
332.234
333.403
334.571
335.739
336.908
338.076
339.244
340.412
341.58
342.748
343.916
345.084
346.252
347.419
348.587
349.755
350.922
352.09
353.257
354.424
355.592
356.759
357.926
359.093
360.26
361.427
362.594
363.761
364.928
366.094
367.261
368.428
369.594
370.761
371.927
373.093
374.26
375.426
376.592
377.758
378.924
380.09
381.256
382.422
383.588
384.753
385.919
387.085
388.25
389.416
294.496
295.665
296.834
298.004
299.173
300.342
301.511
302.68
303.849
305.018
306.187
307.356
308.524
309.693
310.861
312.03
313.198
314.367
315.535
316.703
317.871
319.039
320.207
321.375
322.543
323.711
324.879
326.047
327.214
328.382
329.549
330.717
331.884
333.052
334.219
335.386
336.553
337.72
338.887
340.054
341.221
342.388
343.555
344.722
345.888
347.055
348.221
349.388
350.554
351.72
352.887
354.053
355.219
356.385
357.551
358.717
359.883
361.049
362.214
363.38
364.546
365.711
366.877
368.042
369.208
370.373
371.538
372.703
373.869
375.034
376.199
377.364
378.529
379.693
380.858
382.023
287.174
288.343
289.511
290.68
291.848
293.017
294.185
295.353
296.521
297.689
298.857
300.025
301.193
302.361
303.529
304.697
305.864
307.032
308.199
309.367
310.534
311.701
312.869
314.036
315.203
316.37
317.537
318.704
319.871
321.038
322.205
323.371
324.538
325.704
326.871
328.037
329.204
330.37
331.536
332.702
333.869
335.035
336.201
337.367
338.532
339.698
340.864
342.03
343.195
344.361
345.526
346.692
347.857
349.022
350.188
351.353
352.518
353.683
354.848
356.013
357.178
358.343
359.507
360.672
361.837
363.001
364.166
365.33
366.495
367.659
368.823
369.987
371.151
372.315
373.479
278.698
279.866
281.034
282.201
283.369
284.537
285.704
286.872
288.039
289.207
290.374
291.541
292.708
293.875
295.043
296.21
297.376
298.543
299.71
300.877
302.044
303.21
304.377
305.543
306.71
307.876
309.042
310.209
311.375
312.541
313.707
314.873
316.039
317.205
318.37
319.536
320.702
321.867
323.033
324.198
325.364
326.529
327.694
328.86
330.025
331.19
332.355
333.52
334.685
335.85
337.014
338.179
339.344
340.508
341.673
342.837
344.002
345.166
346.331
347.495
348.659
349.823
350.987
352.151
353.315
354.479
355.643
356.806
357.97
359.134
360.297
361.461
362.624
363.787
364.951
366.114
271.403
272.571
273.738
274.905
276.072
277.238
278.405
279.572
280.739
281.905
283.072
284.238
285.405
286.571
287.737
288.903
290.07
291.236
292.402
293.568
294.733
295.899
297.065
298.231
299.396
300.562
301.728
302.893
304.058
305.224
306.389
307.554
308.719
309.884
311.049
312.214
313.379
314.544
315.709
316.874
318.038
319.203
320.367
321.532
322.696
323.861
325.025
326.189
327.353
328.517
329.681
330.845
332.009
333.173
334.337
335.5
336.664
337.828
338.991
340.155
341.318
342.481
343.645
344.808
345.971
347.134
348.297
349.46
350.623
351.786
352.949
354.111
355.274
356.437
357.599
358.762
264.122
265.288
266.455
267.621
268.787
269.953
271.119
272.285
273.451
274.617
275.782
276.948
278.114
279.279
280.445
281.61
282.776
283.941
285.106
286.271
287.437
288.602
289.767
290.931
292.096
293.261
294.426
295.591
296.755
297.92
299.084
300.249
301.413
302.577
303.742
304.906
306.07
307.234
308.398
309.562
310.726
311.89
313.053
314.217
315.381
316.544
317.708
318.871
320.034
321.198
322.361
323.524
324.687
325.85
327.013
328.176
329.339
330.502
331.665
332.828
333.99
335.153
336.315
337.478
338.64
339.802
340.965
342.127
343.289
344.451
345.613
346.775
347.937
349.099
350.261
351.422
256.854
258.019
259.185
260.35
261.515
262.681
263.846
265.011
266.176
267.341
268.506
269.671
270.836
272.001
273.166
274.33
275.495
276.659
277.824
278.988
280.153
281.317
282.481
283.645
284.809
285.973
287.137
288.301
289.465
290.629
291.793
292.956
294.12
295.283
296.447
297.61
298.774
299.937
301.1
302.263
303.426
304.589
305.752
306.915
308.078
309.241
310.404
311.566
312.729
313.891
315.054
316.216
317.379
318.541
319.703
320.865
322.028
323.19
324.352
325.514
326.675
327.837
328.999
330.161
331.322
332.484
333.645
334.807
335.968
337.129
338.291
339.452
340.613
341.774
342.935
344.096
248.433
249.598
250.763
251.928
253.092
254.257
255.421
256.586
257.75
258.915
260.079
261.243
262.407
263.571
264.735
265.899
267.063
268.227
269.391
270.554
271.718
272.882
274.045
275.208
276.372
277.535
278.698
279.862
281.025
282.188
283.351
284.514
285.677
286.84
288.002
289.165
290.328
291.49
292.653
293.815
294.978
296.14
297.302
298.464
299.627
300.789
301.951
303.113
304.274
305.436
306.598
307.76
308.921
310.083
311.245
312.406
313.567
314.729
315.89
317.051
318.212
319.374
320.535
321.696
322.857
324.017
325.178
326.339
327.5
328.66
329.821
330.981
332.142
333.302
334.462
335.623
241.192
242.356
243.52
244.684
245.848
247.011
248.175
249.339
250.502
251.666
252.829
253.993
255.156
256.319
257.483
258.646
259.809
260.972
262.135
263.298
264.461
265.623
266.786
267.949
269.111
270.274
271.437
272.599
273.761
274.924
276.086
277.248
278.41
279.572
280.734
281.896
283.058
284.22
285.381
286.543
287.705
288.866
290.028
291.189
292.351
293.512
294.673
295.834
296.996
298.157
299.318
300.479
301.639
302.8
303.961
305.122
306.282
307.443
308.604
309.764
310.924
312.085
313.245
314.405
315.565
316.725
317.886
319.046
320.205
321.365
322.525
323.685
324.844
326.004
327.164
328.323
232.8
233.963
235.126
236.289
237.452
238.616
239.779
240.942
242.104
243.267
244.43
245.593
246.755
247.918
249.08
250.243
251.405
252.568
253.73
254.892
256.054
257.216
258.378
259.54
260.702
261.864
263.026
264.187
265.349
266.511
267.672
268.834
269.995
271.156
272.318
273.479
274.64
275.801
276.962
278.123
279.284
280.445
281.606
282.766
283.927
285.088
286.248
287.409
288.569
289.73
290.89
292.05
293.21
294.37
295.53
296.69
297.85
299.01
300.17
301.33
302.49
303.649
304.809
305.968
307.128
308.287
309.446
310.606
311.765
312.924
314.083
315.242
316.401
317.56
318.719
319.878
321.037
225.584
226.747
227.909
229.072
230.234
231.396
232.559
233.721
234.883
236.045
237.207
238.369
239.531
240.692
241.854
243.016
244.177
245.339
246.501
247.662
248.823
249.985
251.146
252.307
253.468
254.629
255.79
256.951
258.112
259.273
260.434
261.594
262.755
263.915
265.076
266.236
267.397
268.557
269.717
270.878
272.038
273.198
274.358
275.518
276.678
277.838
278.997
280.157
281.317
282.476
283.636
284.795
285.955
287.114
288.273
289.433
290.592
291.751
292.91
294.069
295.228
296.387
297.546
298.704
299.863
301.022
302.18
303.339
304.497
305.656
306.814
307.972
309.13
310.289
311.447
312.605
217.22
218.382
219.544
220.705
221.867
223.028
224.19
225.351
226.513
227.674
228.835
229.997
231.158
232.319
233.48
234.641
235.802
236.963
238.123
239.284
240.445
241.605
242.766
243.926
245.087
246.247
247.407
248.568
249.728
250.888
252.048
253.208
254.368
255.528
256.687
257.847
259.007
260.166
261.326
262.485
263.645
264.804
265.964
267.123
268.282
269.441
270.6
271.759
272.918
274.077
275.236
276.395
277.553
278.712
279.871
281.029
282.188
283.346
284.504
285.663
286.821
287.979
289.137
290.295
291.453
292.611
293.769
294.927
296.085
297.242
298.4
299.557
300.715
301.872
303.03
304.187
305.344
210.031
211.192
212.353
213.514
214.675
215.835
216.996
218.157
219.318
220.478
221.639
222.799
223.959
225.12
226.28
227.44
228.6
229.76
230.92
232.08
233.24
234.4
235.56
236.719
237.879
239.039
240.198
241.357
242.517
243.676
244.835
245.995
247.154
248.313
249.472
250.631
251.79
252.949
254.107
255.266
256.425
257.583
258.742
259.9
261.059
262.217
263.376
264.534
265.692
266.85
268.008
269.166
270.324
271.482
272.64
273.798
274.955
276.113
277.271
278.428
279.586
280.743
281.9
283.058
284.215
285.372
286.529
287.686
288.843
290
291.157
292.314
293.471
294.627
295.784
296.94
201.694
202.855
204.015
205.175
206.335
207.495
208.655
209.815
210.975
212.135
213.295
214.454
215.614
216.774
217.933
219.093
220.252
221.411
222.571
223.73
224.889
226.048
227.207
228.366
229.525
230.684
231.843
233.001
234.16
235.319
236.477
237.636
238.794
239.953
241.111
242.269
243.427
244.586
245.744
246.902
248.06
249.217
250.375
251.533
252.691
253.848
255.006
256.164
257.321
258.478
259.636
260.793
261.95
263.108
264.265
265.422
266.579
267.736
268.893
270.049
271.206
272.363
273.519
274.676
275.833
276.989
278.145
279.302
280.458
281.614
282.771
283.927
285.083
286.239
287.395
288.551
289.706
194.531
195.691
196.85
198.01
199.169
200.328
201.488
202.647
203.806
204.965
206.124
207.283
208.442
209.6
210.759
211.918
213.077
214.235
215.394
216.552
217.71
218.869
220.027
221.185
222.343
223.501
224.659
225.817
226.975
228.133
229.291
230.449
231.606
232.764
233.922
235.079
236.236
237.394
238.551
239.708
240.866
242.023
243.18
244.337
245.494
246.651
247.807
248.964
250.121
251.278
252.434
253.591
254.747
255.904
257.06
258.216
259.372
260.529
261.685
262.841
263.997
265.153
266.309
267.464
268.62
269.776
270.932
272.087
273.243
274.398
275.554
276.709
277.864
279.019
280.175
281.33
186.222
187.381
188.539
189.698
190.857
192.015
193.174
194.332
195.491
196.649
197.807
198.966
200.124
201.282
202.44
203.598
204.756
205.914
207.071
208.229
209.387
210.544
211.702
212.859
214.017
215.174
216.332
217.489
218.646
219.803
220.96
222.117
223.274
224.431
225.588
226.745
227.901
229.058
230.215
231.371
232.528
233.684
234.84
235.997
237.153
238.309
239.465
240.621
241.777
242.933
244.089
245.245
246.401
247.557
248.712
249.868
251.023
252.179
253.334
254.49
255.645
256.8
257.955
259.11
260.265
261.42
262.575
263.73
264.885
266.04
267.195
268.349
269.504
270.658
271.813
272.967
274.122
177.927
179.085
180.243
181.401
182.559
183.716
184.874
186.032
187.19
188.347
189.505
190.662
191.82
192.977
194.134
195.292
196.449
197.606
198.763
199.92
201.077
202.234
203.391
204.548
205.704
206.861
208.018
209.174
210.331
211.487
212.643
213.8
214.956
216.112
217.268
218.424
219.58
220.736
221.892
223.048
224.204
225.36
226.515
227.671
228.826
229.982
231.137
232.293
233.448
234.603
235.758
236.913
238.068
239.223
240.378
241.533
242.688
243.843
244.998
246.152
247.307
248.461
249.616
250.77
251.925
253.079
254.233
255.387
256.541
257.696
258.85
260.004
261.157
262.311
263.465
264.619
265.772
169.645
170.803
171.96
173.117
174.274
175.431
176.589
177.746
178.903
180.059
181.216
182.373
183.53
184.686
185.843
187
188.156
189.313
190.469
191.625
192.781
193.938
195.094
196.25
197.406
198.562
199.718
200.873
202.029
203.185
204.341
205.496
206.652
207.807
208.963
210.118
211.273
212.428
213.584
214.739
215.894
217.049
218.204
219.359
220.514
221.668
222.823
223.978
225.132
226.287
227.441
228.596
229.75
230.904
232.059
233.213
234.367
235.521
236.675
237.829
238.983
240.137
241.29
242.444
243.598
244.751
245.905
247.058
248.212
249.365
250.518
251.672
252.825
253.978
255.131
256.284
257.437
258.59
162.534
163.691
164.847
166.004
167.16
168.317
169.473
170.629
171.785
172.942
174.098
175.254
176.41
177.565
178.721
179.877
181.033
182.188
183.344
184.5
185.655
186.81
187.966
189.121
190.276
191.432
192.587
193.742
194.897
196.052
197.206
198.361
199.516
200.671
201.825
202.98
204.135
205.289
206.443
207.598
208.752
209.906
211.06
212.215
213.369
214.523
215.677
216.83
217.984
219.138
220.292
221.445
222.599
223.753
224.906
226.059
227.213
228.366
229.519
230.673
231.826
232.979
234.132
235.285
236.438
237.59
238.743
239.896
241.049
242.201
243.354
244.506
245.659
246.811
247.963
249.116
250.268
154.28
155.436
156.592
157.747
158.903
160.059
161.214
162.37
163.525
164.681
165.836
166.991
168.147
169.302
170.457
171.612
172.767
173.922
175.077
176.232
177.386
178.541
179.696
180.85
182.005
183.159
184.314
185.468
186.622
187.776
188.931
190.085
191.239
192.393
193.547
194.701
195.854
197.008
198.162
199.316
200.469
201.623
202.776
203.929
205.083
206.236
207.389
208.543
209.696
210.849
212.002
213.155
214.308
215.46
216.613
217.766
218.919
220.071
221.224
222.376
223.529
224.681
225.833
226.985
228.138
229.29
230.442
231.594
232.746
233.898
235.05
236.201
237.353
238.505
239.656
240.808
241.96
146.039
147.194
148.35
149.505
150.66
151.814
152.969
154.124
155.279
156.434
157.588
158.743
159.897
161.052
162.206
163.361
164.515
165.669
166.823
167.977
169.131
170.285
171.439
172.593
173.747
174.901
176.054
177.208
178.362
179.515
180.669
181.822
182.975
184.129
185.282
186.435
187.588
188.741
189.894
191.047
192.2
193.353
194.505
195.658
196.811
197.963
199.116
200.268
201.421
202.573
203.725
204.878
206.03
207.182
208.334
209.486
210.638
211.79
212.942
214.094
215.245
216.397
217.548
218.7
219.852
221.003
222.154
223.306
224.457
225.608
226.759
227.91
229.061
230.212
231.363
232.514
233.665
137.812
138.967
140.121
141.275
142.43
143.584
144.738
145.892
147.046
148.2
149.354
150.508
151.662
152.816
153.969
155.123
156.276
157.43
158.583
159.737
160.89
162.043
163.197
164.35
165.503
166.656
167.809
168.962
170.115
171.267
172.42
173.573
174.725
175.878
177.031
178.183
179.335
180.488
181.64
182.792
183.944
185.096
186.249
187.401
188.552
189.704
190.856
192.008
193.16
194.311
195.463
196.614
197.766
198.917
200.069
201.22
202.371
203.522
204.674
205.825
206.976
208.127
209.277
210.428
211.579
212.73
213.881
215.031
216.182
217.332
218.483
219.633
220.783
221.934
223.084
224.234
225.384
226.534
129.599
130.753
131.906
133.06
134.214
135.367
136.521
137.674
138.827
139.98
141.134
142.287
143.44
144.593
145.746
146.899
148.052
149.204
150.357
151.51
152.662
153.815
154.967
156.12
157.272
158.425
159.577
160.729
161.881
163.033
164.185
165.337
166.489
167.641
168.793
169.945
171.096
172.248
173.4
174.551
175.703
176.854
178.005
179.157
180.308
181.459
182.61
183.761
184.912
186.063
187.214
188.365
189.516
190.666
191.817
192.968
194.118
195.269
196.419
197.569
198.72
199.87
201.02
202.17
203.32
204.47
205.62
206.77
207.92
209.07
210.22
211.369
212.519
213.669
214.818
215.968
217.117
218.266
121.399
122.552
123.705
124.858
126.011
127.164
128.317
129.469
130.622
131.774
132.927
134.079
135.232
136.384
137.536
138.688
139.84
140.993
142.145
143.297
144.448
145.6
146.752
147.904
149.055
150.207
151.359
152.51
153.662
154.813
155.964
157.116
158.267
159.418
160.569
161.72
162.871
164.022
165.173
166.324
167.474
168.625
169.776
170.926
172.077
173.227
174.378
175.528
176.678
177.828
178.979
180.129
181.279
182.429
183.579
184.729
185.879
187.028
188.178
189.328
190.477
191.627
192.776
193.926
195.075
196.224
197.374
198.523
199.672
200.821
201.97
203.119
204.268
205.417
206.566
207.715
208.863
210.012
115.518
116.67
117.822
118.974
120.126
121.278
122.43
123.582
124.734
125.885
127.037
128.188
129.34
130.491
131.643
132.794
133.946
135.097
136.248
137.399
138.55
139.701
140.852
142.003
143.154
144.305
145.455
146.606
147.757
148.907
150.058
151.208
152.359
153.509
154.659
155.809
156.959
158.11
159.26
160.41
161.56
162.709
163.859
165.009
166.159
167.308
168.458
169.607
170.757
171.906
173.056
174.205
175.354
176.503
177.653
178.802
179.951
181.1
182.248
183.397
184.546
185.695
186.844
187.992
189.141
190.289
191.438
192.586
193.734
194.883
196.031
197.179
198.327
199.475
200.623
201.771
115.403
116.554
117.705
118.856
120.007
121.157
122.308
123.459
124.609
125.76
126.911
128.061
129.211
130.362
131.512
132.662
133.813
134.963
136.113
137.263
138.413
139.563
140.712
141.862
143.012
144.162
145.311
146.461
147.61
148.76
149.909
151.058
152.208
153.357
154.506
155.655
156.804
157.953
159.102
160.251
161.4
162.549
163.697
164.846
165.995
167.143
168.292
169.44
170.588
171.737
172.885
174.033
175.181
176.329
177.477
178.625
179.773
180.921
182.069
183.217
184.364
185.512
186.66
187.807
188.955
190.102
191.249
192.397
193.544
115.288
116.438
117.588
118.738
119.888
121.037
122.187
123.336
124.486
125.635
126.785
127.934
129.084
130.233
131.382
132.531
133.68
134.829
135.978
137.127
138.276
139.425
140.573
141.722
142.871
144.019
145.168
146.316
147.465
148.613
149.761
150.909
152.058
153.206
154.354
155.502
156.65
157.798
158.945
160.093
161.241
162.389
163.536
164.684
165.831
166.979
168.126
169.273
170.421
171.568
172.715
173.862
175.009
176.156
177.303
178.45
179.597
180.744
181.89
183.037
184.184
185.33
115.174
116.323
117.472
118.62
119.769
120.918
122.066
123.215
124.363
125.511
126.66
127.808
128.956
130.104
131.252
132.4
133.548
134.696
135.844
136.992
138.14
139.287
140.435
141.583
142.73
143.878
145.025
146.172
147.32
148.467
149.614
150.761
151.908
153.055
154.202
155.349
156.496
157.643
158.79
159.936
161.083
162.229
163.376
164.522
165.669
166.815
167.961
169.108
170.254
171.4
172.546
173.692
174.838
175.984
177.13
115.061
116.208
117.356
118.504
119.651
120.799
121.946
123.094
124.241
125.388
126.535
127.682
128.83
129.977
131.124
132.27
133.417
134.564
135.711
136.858
138.004
139.151
140.297
141.444
142.59
143.737
144.883
146.029
147.175
148.322
149.468
150.614
151.76
152.906
154.051
155.197
156.343
157.489
158.634
159.78
160.926
162.071
163.216
164.362
165.507
166.652
167.798
168.943
114.948
116.095
117.241
118.388
119.534
120.68
121.827
122.973
124.119
125.265
126.411
127.558
128.704
129.849
130.995
132.141
133.287
134.433
135.578
136.724
137.869
139.015
140.16
141.306
142.451
143.596
144.742
145.887
147.032
148.177
149.322
150.467
151.612
152.757
153.901
155.046
156.191
157.335
158.48
159.625
160.769
114.836
115.981
117.127
118.272
119.417
120.563
121.708
122.853
123.998
125.143
126.288
127.433
128.578
129.723
130.868
132.012
133.157
134.302
135.446
136.591
137.735
138.88
140.024
141.168
142.313
143.457
144.601
145.745
146.889
148.033
149.177
150.321
151.465
152.608
114.724
115.868
117.013
118.157
119.301
120.445
121.59
122.734
123.878
125.022
126.166
127.31
128.453
129.597
130.741
131.884
133.028
134.172
135.315
136.459
137.602
138.745
139.889
141.032
142.175
143.318
114.613
115.756
116.899
118.043
119.186
120.329
121.472
122.615
123.758
124.901
126.044
127.186
128.329
129.472
130.614
131.757
132.9
134.042
135.184
114.502
115.644
116.787
117.929
119.071
120.213
121.355
122.497
123.639
124.78
125.922
127.064
114.392
115.533
116.674
117.815
