758.352
759.588
760.824
752.454
753.689
754.924
756.158
757.393
758.628
759.862
746.57
747.804
749.037
750.271
751.505
752.738
753.972
755.205
756.438
757.671
758.904
740.699
741.932
743.164
744.397
745.63
746.862
748.095
749.327
750.559
751.792
753.024
754.256
755.488
756.719
757.951
734.841
736.073
737.305
738.537
739.768
741
742.231
743.463
744.694
745.925
747.156
748.387
749.618
750.849
752.08
753.311
754.541
755.772
757.002
727.766
728.997
730.228
731.459
732.69
733.92
735.151
736.381
737.612
738.842
740.072
741.303
742.533
743.763
744.992
746.222
747.452
748.681
749.911
751.14
752.37
753.599
754.828
756.057
721.936
723.166
724.396
725.626
726.856
728.086
729.315
730.545
731.774
733.004
734.233
735.462
736.691
737.92
739.149
740.378
741.607
742.835
744.064
745.292
746.52
747.749
748.977
750.205
751.433
752.661
753.889
755.116
716.12
717.349
718.578
719.807
721.036
722.264
723.493
724.722
725.95
727.178
728.407
729.635
730.863
732.091
733.319
734.547
735.775
737.002
738.23
739.457
740.685
741.912
743.139
744.366
745.593
746.82
748.047
749.274
750.5
751.727
752.954
754.18
710.317
711.545
712.773
714.001
715.229
716.456
717.684
718.912
720.139
721.367
722.594
723.821
725.048
726.275
727.502
728.729
729.956
731.182
732.409
733.636
734.862
736.088
737.315
738.541
739.767
740.993
742.219
743.444
744.67
745.896
747.121
748.347
749.572
750.797
752.022
753.248
703.3
704.527
705.754
706.981
708.208
709.435
710.662
711.888
713.115
714.341
715.568
716.794
718.02
719.247
720.473
721.699
722.924
724.15
725.376
726.602
727.827
729.053
730.278
731.503
732.728
733.953
735.178
736.403
737.628
738.853
740.078
741.302
742.527
743.751
744.975
746.2
747.424
748.648
749.872
751.096
752.319
697.524
698.75
699.976
701.202
702.428
703.654
704.88
706.106
707.331
708.557
709.782
711.008
712.233
713.458
714.683
715.908
717.133
718.358
719.583
720.807
722.032
723.256
724.481
725.705
726.929
728.153
729.377
730.601
731.825
733.049
734.273
735.496
736.72
737.943
739.167
740.39
741.613
742.836
744.059
745.282
746.505
747.728
748.95
750.173
751.395
691.761
692.986
694.211
695.437
696.662
697.886
699.111
700.336
701.561
702.785
704.01
705.234
706.458
707.683
708.907
710.131
711.355
712.579
713.802
715.026
716.25
717.473
718.697
719.92
721.143
722.366
723.589
724.812
726.035
727.258
728.481
729.704
730.926
732.149
733.371
734.593
735.815
737.038
738.26
739.482
740.703
741.925
743.147
744.369
745.59
746.811
748.033
749.254
750.475
684.787
686.011
687.236
688.46
689.684
690.908
692.132
693.356
694.58
695.803
697.027
698.25
699.474
700.697
701.92
703.143
704.367
705.59
706.812
708.035
709.258
710.481
711.703
712.926
714.148
715.37
716.593
717.815
719.037
720.259
721.48
722.702
723.924
725.145
726.367
727.588
728.81
730.031
731.252
732.473
733.694
734.915
736.136
737.357
738.577
739.798
741.018
742.239
743.459
744.679
745.899
747.119
748.339
749.559
679.051
680.275
681.498
682.721
683.944
685.167
686.39
687.613
688.836
690.059
691.281
692.504
693.726
694.949
696.171
697.393
698.615
699.837
701.059
702.281
703.503
704.725
705.946
707.168
708.389
709.61
710.832
712.053
713.274
714.495
715.716
716.937
718.157
719.378
720.598
721.819
723.039
724.26
725.48
726.7
727.92
729.14
730.36
731.58
732.799
734.019
735.238
736.458
737.677
738.896
740.116
741.335
742.554
743.773
744.991
746.21
747.429
748.647
672.106
673.328
674.551
675.773
676.995
678.218
679.44
680.662
681.884
683.105
684.327
685.549
686.77
687.992
689.213
690.435
691.656
692.877
694.098
695.319
696.54
697.761
698.981
700.202
701.423
702.643
703.863
705.084
706.304
707.524
708.744
709.964
711.184
712.404
713.623
714.843
716.062
717.282
718.501
719.72
720.94
722.159
723.378
724.596
725.815
727.034
728.253
729.471
730.69
731.908
733.126
734.345
735.563
736.781
737.999
739.217
740.435
741.652
742.87
744.088
745.305
746.522
747.74
666.397
667.618
668.84
670.061
671.283
672.504
673.725
674.946
676.167
677.388
678.609
679.829
681.05
682.27
683.491
684.711
685.931
687.152
688.372
689.592
690.812
692.031
693.251
694.471
695.69
696.91
698.129
699.349
700.568
701.787
703.006
704.225
705.444
706.663
707.881
709.1
710.319
711.537
712.756
713.974
715.192
716.41
717.628
718.846
720.064
721.282
722.5
723.717
724.935
726.152
727.369
728.587
729.804
731.021
732.238
733.455
734.672
735.889
737.105
738.322
739.539
740.755
741.971
743.188
744.404
745.62
746.836
659.48
660.701
661.921
663.142
664.362
665.583
666.803
668.023
669.243
670.463
671.683
672.903
674.122
675.342
676.562
677.781
679.001
680.22
681.439
682.658
683.877
685.096
686.315
687.534
688.753
689.971
691.19
692.408
693.626
694.845
696.063
697.281
698.499
699.717
700.935
702.153
703.37
704.588
705.805
707.023
708.24
709.457
710.675
711.892
713.109
714.326
715.542
716.759
717.976
719.192
720.409
721.625
722.842
724.058
725.274
726.49
727.706
728.922
730.138
731.354
732.569
733.785
735
736.216
737.431
738.646
739.862
741.077
742.292
743.507
744.721
653.798
655.017
656.237
657.457
658.676
659.895
661.115
662.334
663.553
664.772
665.991
667.21
668.428
669.647
670.866
672.084
673.303
674.521
675.739
676.957
678.176
679.394
680.611
681.829
683.047
684.265
685.482
686.7
687.917
689.134
690.352
691.569
692.786
694.003
695.22
696.437
697.653
698.87
700.087
701.303
702.519
703.736
704.952
706.168
707.384
708.6
709.816
711.032
712.247
713.463
714.679
715.894
717.109
718.325
719.54
720.755
721.97
723.185
724.4
725.615
726.83
728.044
729.259
730.473
731.688
732.902
734.116
735.33
736.544
737.758
738.972
646.909
648.128
649.347
650.565
651.784
653.002
654.221
655.439
656.657
657.876
659.094
660.312
661.529
662.747
663.965
665.183
666.4
667.618
668.835
670.052
671.269
672.487
673.704
674.921
676.137
677.354
678.571
679.788
681.004
682.221
683.437
684.653
685.869
687.085
688.301
689.517
690.733
691.949
693.165
694.38
695.596
696.811
698.027
699.242
700.457
701.672
702.887
704.102
705.317
706.532
707.746
708.961
710.176
711.39
712.604
713.819
715.033
716.247
717.461
718.675
719.889
721.103
722.316
723.53
724.743
725.957
727.17
728.383
729.597
730.81
732.023
641.253
642.471
643.689
644.907
646.124
647.342
648.559
649.776
650.994
652.211
653.428
654.645
655.862
657.079
658.295
659.512
660.729
661.945
663.162
664.378
665.594
666.81
668.026
669.242
670.458
671.674
672.89
674.106
675.321
676.537
677.752
678.967
680.183
681.398
682.613
683.828
685.043
686.258
687.472
688.687
689.901
691.116
692.33
693.545
694.759
695.973
697.187
698.401
699.615
700.829
702.043
703.256
704.47
705.683
706.897
708.11
709.323
710.536
711.75
712.963
714.175
715.388
716.601
717.814
719.026
720.239
721.451
722.664
723.876
725.088
726.3
634.393
635.61
636.827
638.044
639.26
640.477
641.693
642.91
644.126
645.343
646.559
647.775
648.991
650.207
651.423
652.639
653.854
655.07
656.285
657.501
658.716
659.932
661.147
662.362
663.577
664.792
666.007
667.222
668.436
669.651
670.865
672.08
673.294
674.509
675.723
676.937
678.151
679.365
680.579
681.792
683.006
684.22
685.433
686.647
687.86
689.073
690.287
691.5
692.713
693.926
695.139
696.351
697.564
698.777
699.989
701.202
702.414
703.626
704.839
706.051
707.263
708.475
709.687
710.898
712.11
713.322
714.533
715.745
716.956
718.168
719.379
627.547
628.763
629.979
631.195
632.411
633.627
634.842
636.058
637.273
638.489
639.704
640.919
642.135
643.35
644.565
645.78
646.994
648.209
649.424
650.638
651.853
653.067
654.282
655.496
656.71
657.924
659.138
660.352
661.566
662.78
663.993
665.207
666.42
667.634
668.847
670.06
671.273
672.487
673.699
674.912
676.125
677.338
678.551
679.763
680.976
682.188
683.401
684.613
685.825
687.037
688.249
689.461
690.673
691.885
693.096
694.308
695.519
696.731
697.942
699.153
700.365
701.576
702.787
703.998
705.209
706.419
707.63
708.841
710.051
711.262
712.472
621.931
623.146
624.361
625.576
626.791
628.005
629.22
630.435
631.649
632.864
634.078
635.292
636.507
637.721
638.935
640.149
641.363
642.576
643.79
645.004
646.217
647.431
648.644
649.857
651.071
652.284
653.497
654.71
655.923
657.135
658.348
659.561
660.773
661.986
663.198
664.41
665.623
666.835
668.047
669.259
670.471
671.682
672.894
674.106
675.317
676.529
677.74
678.951
680.163
681.374
682.585
683.796
685.007
686.218
687.428
688.639
689.85
691.06
692.27
693.481
694.691
695.901
697.111
698.321
699.531
700.741
701.951
703.161
704.37
705.58
706.789
615.113
616.327
617.541
618.755
619.969
621.183
622.397
623.611
624.824
626.038
627.251
628.465
629.678
630.891
632.104
633.317
634.53
635.743
636.956
638.169
639.382
640.594
641.807
643.019
644.231
645.444
646.656
647.868
649.08
650.292
651.504
652.715
653.927
655.139
656.35
657.562
658.773
659.984
661.195
662.407
663.618
664.828
666.039
667.25
668.461
669.671
670.882
672.092
673.303
674.513
675.723
676.933
678.143
679.353
680.563
681.773
682.983
684.192
685.402
686.611
687.821
689.03
690.239
691.448
692.657
693.866
695.075
696.284
697.493
698.702
699.91
608.309
609.522
610.735
611.949
613.162
614.375
615.588
616.801
618.013
619.226
620.439
621.651
622.864
624.076
625.288
626.5
627.713
628.925
630.137
631.348
632.56
633.772
634.984
636.195
637.407
638.618
639.829
641.04
642.252
643.463
644.674
645.884
647.095
648.306
649.517
650.727
651.938
653.148
654.358
655.569
656.779
657.989
659.199
660.409
661.619
662.828
664.038
665.248
666.457
667.666
668.876
670.085
671.294
672.503
673.712
674.921
676.13
677.339
678.548
679.756
680.965
682.173
683.382
684.59
685.798
687.006
688.214
689.422
690.63
691.838
693.046
694.253
602.732
603.944
605.156
606.369
607.581
608.793
610.005
611.217
612.428
613.64
614.852
616.063
617.275
618.486
619.698
620.909
622.12
623.331
624.542
625.753
626.964
628.175
629.385
630.596
631.806
633.017
634.227
635.437
636.648
637.858
639.068
640.278
641.487
642.697
643.907
645.117
646.326
647.536
648.745
649.954
651.163
652.372
653.582
654.79
655.999
657.208
658.417
659.626
660.834
662.043
663.251
664.459
665.667
666.876
668.084
669.292
670.5
671.707
672.915
674.123
675.33
676.538
677.745
678.953
680.16
681.367
682.574
683.781
684.988
686.195
687.402
595.955
597.167
598.378
599.59
600.801
602.012
603.223
604.434
605.645
606.856
608.067
609.277
610.488
611.699
612.909
614.119
615.33
616.54
617.75
618.96
620.17
621.38
622.59
623.799
625.009
626.219
627.428
628.637
629.847
631.056
632.265
633.474
634.683
635.892
637.101
638.31
639.518
640.727
641.935
643.144
644.352
645.56
646.769
647.977
649.185
650.393
651.6
652.808
654.016
655.224
656.431
657.638
658.846
660.053
661.26
662.467
663.675
664.882
666.088
667.295
668.502
669.709
670.915
672.122
673.328
674.534
675.741
676.947
678.153
679.359
680.565
589.193
590.404
591.614
592.825
594.035
595.245
596.456
597.666
598.876
600.086
601.296
602.506
603.715
604.925
606.135
607.344
608.553
609.763
610.972
612.181
613.39
614.599
615.808
617.017
618.226
619.434
620.643
621.852
623.06
624.268
625.477
626.685
627.893
629.101
630.309
631.517
632.725
633.932
635.14
636.347
637.555
638.762
639.97
641.177
642.384
643.591
644.798
646.005
647.212
648.419
649.625
650.832
652.038
653.245
654.451
655.657
656.864
658.07
659.276
660.482
661.688
662.893
664.099
665.305
666.51
667.716
668.921
670.126
671.332
672.537
673.742
674.947
582.445
583.655
584.864
586.074
587.283
588.493
589.702
590.911
592.121
593.33
594.539
595.748
596.957
598.165
599.374
600.583
601.791
603
604.208
605.416
606.625
607.833
609.041
610.249
611.457
612.664
613.872
615.08
616.287
617.495
618.702
619.91
621.117
622.324
623.531
624.738
625.945
627.152
628.359
629.565
630.772
631.978
633.185
634.391
635.597
636.804
638.01
639.216
640.422
641.628
642.834
644.039
645.245
646.45
647.656
648.861
650.067
651.272
652.477
653.682
654.887
656.092
657.297
658.502
659.707
660.911
662.116
663.32
664.525
665.729
666.933
668.137
575.711
576.92
578.128
579.337
580.546
581.754
582.963
584.171
585.379
586.588
587.796
589.004
590.212
591.42
592.628
593.835
595.043
596.251
597.458
598.666
599.873
601.08
602.287
603.494
604.701
605.908
607.115
608.322
609.529
610.735
611.942
613.148
614.355
615.561
616.767
617.973
619.179
620.385
621.591
622.797
624.003
625.208
626.414
627.62
628.825
630.03
631.236
632.441
633.646
634.851
636.056
637.261
638.465
639.67
640.875
642.079
643.284
644.488
645.693
646.897
648.101
649.305
650.509
651.713
652.917
654.121
655.324
656.528
657.731
658.935
660.138
661.342
570.198
571.406
572.614
573.822
575.03
576.237
577.445
578.652
579.86
581.067
582.274
583.481
584.688
585.895
587.102
588.309
589.515
590.722
591.929
593.135
594.341
595.548
596.754
597.96
599.166
600.372
601.578
602.784
603.99
605.195
606.401
607.606
608.812
610.017
611.223
612.428
613.633
614.838
616.043
617.248
618.452
619.657
620.862
622.066
623.271
624.475
625.68
626.884
628.088
629.292
630.496
631.7
632.904
634.108
635.311
636.515
637.718
638.922
640.125
641.329
642.532
643.735
644.938
646.141
647.344
648.547
649.75
650.952
652.155
653.357
654.56
563.491
564.698
565.905
567.112
568.319
569.526
570.732
571.939
573.145
574.352
575.558
576.764
577.97
579.176
580.382
581.588
582.794
584
585.206
586.411
587.617
588.822
590.028
591.233
592.438
593.643
594.848
596.053
597.258
598.463
599.668
600.872
602.077
603.281
604.486
605.69
606.894
608.098
609.302
610.506
611.71
612.914
614.118
615.322
616.525
617.729
618.932
620.136
621.339
622.542
623.745
624.948
626.151
627.354
628.557
629.76
630.963
632.165
633.368
634.57
635.773
636.975
638.177
639.379
640.581
641.783
642.985
644.187
645.389
646.59
647.792
648.993
556.798
558.004
559.21
560.416
561.622
562.828
564.034
565.239
566.445
567.65
568.856
570.061
571.267
572.472
573.677
574.882
576.087
577.292
578.497
579.701
580.906
582.11
583.315
584.519
585.724
586.928
588.132
589.336
590.54
591.744
592.948
594.152
595.355
596.559
597.763
598.966
600.169
601.373
602.576
603.779
604.982
606.185
607.388
608.591
609.794
610.996
612.199
613.401
614.604
615.806
617.009
618.211
619.413
620.615
621.817
623.019
624.221
625.422
626.624
627.826
629.027
630.229
631.43
632.631
633.832
635.034
636.235
637.436
638.636
639.837
641.038
642.239
550.118
551.324
552.529
553.734
554.939
556.144
557.349
558.554
559.758
560.963
562.168
563.372
564.576
565.781
566.985
568.189
569.393
570.597
571.801
573.005
574.209
575.413
576.616
577.82
579.023
580.227
581.43
582.633
583.836
585.039
586.242
587.445
588.648
589.851
591.053
592.256
593.458
594.661
595.863
597.066
598.268
599.47
600.672
601.874
603.076
604.278
605.479
606.681
607.883
609.084
610.286
611.487
612.688
613.889
615.09
616.291
617.492
618.693
619.894
621.095
622.296
623.496
624.697
625.897
627.097
628.298
629.498
630.698
631.898
633.098
634.298
635.498
543.452
544.657
545.861
547.065
548.27
549.474
550.678
551.882
553.085
554.289
555.493
556.697
557.9
559.104
560.307
561.51
562.713
563.917
565.12
566.323
567.525
568.728
569.931
571.134
572.336
573.539
574.741
575.944
577.146
578.348
579.55
580.752
581.954
583.156
584.358
585.56
586.761
587.963
589.164
590.366
591.567
592.768
593.97
595.171
596.372
597.573
598.774
599.974
601.175
602.376
603.576
604.777
605.977
607.177
608.378
609.578
610.778
611.978
613.178
614.378
615.578
616.777
617.977
619.177
620.376
621.576
622.775
623.974
625.173
626.372
627.571
628.77
536.8
538.004
539.207
540.411
541.614
542.817
544.02
545.223
546.426
547.629
548.832
550.035
551.237
552.44
553.642
554.845
556.047
557.25
558.452
559.654
560.856
562.058
563.26
564.461
565.663
566.865
568.066
569.268
570.469
571.671
572.872
574.073
575.274
576.475
577.676
578.877
580.078
581.278
582.479
583.68
584.88
586.081
587.281
588.481
589.681
590.881
592.081
593.281
594.481
595.681
596.881
598.08
599.28
600.479
601.679
602.878
604.077
605.276
606.476
607.675
608.874
610.072
611.271
612.47
613.669
614.867
616.066
617.264
618.462
619.661
620.859
622.057
530.162
531.364
532.567
533.769
534.972
536.174
537.376
538.579
539.781
540.983
542.185
543.387
544.588
545.79
546.992
548.193
549.395
550.596
551.797
552.999
554.2
555.401
556.602
557.803
559.004
560.205
561.405
562.606
563.806
565.007
566.207
567.408
568.608
569.808
571.008
572.208
573.408
574.608
575.808
577.007
578.207
579.406
580.606
581.805
583.005
584.204
585.403
586.602
587.801
589
590.199
591.398
592.596
593.795
594.993
596.192
597.39
598.589
599.787
600.985
602.183
603.381
604.579
605.777
606.975
608.172
609.37
610.568
611.765
612.962
614.16
615.357
523.537
524.739
525.94
527.142
528.343
529.545
530.746
531.948
533.149
534.35
535.551
536.752
537.953
539.154
540.354
541.555
542.756
543.956
545.157
546.357
547.557
548.758
549.958
551.158
552.358
553.558
554.758
555.957
557.157
558.357
559.556
560.756
561.955
563.154
564.353
565.553
566.752
567.951
569.15
570.348
571.547
572.746
573.944
575.143
576.341
577.54
578.738
579.936
581.134
582.332
583.53
584.728
585.926
587.124
588.322
589.519
590.717
591.914
593.112
594.309
595.506
596.703
597.9
599.097
600.294
601.491
602.688
603.885
605.081
606.278
607.474
608.671
516.925
518.126
519.327
520.528
521.728
522.929
524.13
525.33
526.53
527.731
528.931
530.131
531.331
532.531
533.731
534.931
536.13
537.33
538.53
539.729
540.929
542.128
543.327
544.526
545.725
546.925
548.123
549.322
550.521
551.72
552.919
554.117
555.316
556.514
557.712
558.911
560.109
561.307
562.505
563.703
564.901
566.099
567.296
568.494
569.692
570.889
572.087
573.284
574.481
575.679
576.876
578.073
579.27
580.467
581.663
582.86
584.057
585.253
586.45
587.646
588.843
590.039
591.235
592.432
593.628
594.824
596.02
597.215
598.411
599.607
600.802
601.998
510.327
511.527
512.727
513.927
515.127
516.327
517.526
518.726
519.925
521.125
522.324
523.523
524.723
525.922
527.121
528.32
529.518
530.717
531.916
533.115
534.313
535.512
536.71
537.908
539.107
540.305
541.503
542.701
543.899
545.097
546.295
547.492
548.69
549.887
551.085
552.282
553.48
554.677
555.874
557.071
558.268
559.465
560.662
561.859
563.056
564.252
565.449
566.645
567.842
569.038
570.234
571.431
572.627
573.823
575.019
576.215
577.41
578.606
579.802
580.997
582.193
583.388
584.584
585.779
586.974
588.169
589.365
590.56
591.754
592.949
594.144
595.339
503.743
504.942
506.141
507.34
508.539
509.738
510.937
512.135
513.334
514.532
515.731
516.929
518.128
519.326
520.524
521.722
522.92
524.118
525.316
526.513
527.711
528.909
530.106
531.304
532.501
533.698
534.896
536.093
537.29
538.487
539.684
540.881
542.078
543.274
544.471
545.667
546.864
548.06
549.257
550.453
551.649
552.845
554.041
555.237
556.433
557.629
558.824
560.02
561.216
562.411
563.607
564.802
565.997
567.192
568.387
569.582
570.777
571.972
573.167
574.362
575.557
576.751
577.946
579.14
580.335
581.529
582.723
583.917
585.111
586.305
587.499
588.693
495.973
497.172
498.37
499.568
500.766
501.964
503.162
504.36
505.558
506.756
507.953
509.151
510.348
511.546
512.743
513.94
515.138
516.335
517.532
518.729
519.926
521.123
522.319
523.516
524.713
525.909
527.106
528.302
529.498
530.694
531.891
533.087
534.283
535.479
536.674
537.87
539.066
540.261
541.457
542.652
543.848
545.043
546.238
547.434
548.629
549.824
551.019
552.213
553.408
554.603
555.798
556.992
558.187
559.381
560.575
561.77
562.964
564.158
565.352
566.546
567.74
568.934
570.127
571.321
572.515
573.708
574.902
576.095
577.288
578.481
579.675
580.868
582.061
489.416
490.614
491.811
493.008
494.206
495.403
496.6
497.797
498.994
500.191
501.388
502.584
503.781
504.978
506.174
507.37
508.567
509.763
510.959
512.155
513.351
514.547
515.743
516.939
518.135
519.33
520.526
521.721
522.917
524.112
525.307
526.503
527.698
528.893
530.088
531.283
532.478
533.672
534.867
536.062
537.256
538.451
539.645
540.839
542.033
543.228
544.422
545.616
546.81
548.003
549.197
550.391
551.585
552.778
553.972
555.165
556.358
557.552
558.745
559.938
561.131
562.324
563.517
564.71
565.902
567.095
568.288
569.48
570.673
571.865
573.057
574.25
575.442
482.873
484.069
485.266
486.462
487.658
488.855
490.051
491.247
492.443
493.639
494.835
496.031
497.227
498.422
499.618
500.814
502.009
503.204
504.4
505.595
506.79
507.985
509.18
510.375
511.57
512.765
513.96
515.154
516.349
517.543
518.738
519.932
521.126
522.32
523.515
524.709
525.903
527.097
528.29
529.484
530.678
531.871
533.065
534.258
535.452
536.645
537.838
539.031
540.224
541.417
542.61
543.803
544.996
546.189
547.381
548.574
549.766
550.959
552.151
553.343
554.535
555.728
556.92
558.112
559.303
560.495
561.687
562.879
564.07
565.262
566.453
567.645
568.836
476.342
477.538
478.733
479.929
481.124
482.32
483.515
484.711
485.906
487.101
488.296
489.491
490.686
491.881
493.075
494.27
495.465
496.659
497.854
499.048
500.242
501.437
502.631
503.825
505.019
506.213
507.407
508.6
509.794
510.988
512.181
513.375
514.568
515.761
516.955
518.148
519.341
520.534
521.727
522.92
524.113
525.305
526.498
527.691
528.883
530.075
531.268
532.46
533.652
534.844
536.037
537.229
538.42
539.612
540.804
541.996
543.187
544.379
545.57
546.762
547.953
549.144
550.336
551.527
552.718
553.909
555.1
556.29
557.481
558.672
559.862
561.053
562.243
468.63
469.825
471.019
472.214
473.409
474.604
475.798
476.993
478.187
479.381
480.576
481.77
482.964
484.158
485.352
486.546
487.74
488.933
490.127
491.321
492.514
493.708
494.901
496.094
497.287
498.481
499.674
500.867
502.059
503.252
504.445
505.638
506.83
508.023
509.215
510.408
511.6
512.792
513.984
515.177
516.369
517.561
518.752
519.944
521.136
522.328
523.519
524.711
525.902
527.093
528.285
529.476
530.667
531.858
533.049
534.24
535.431
536.622
537.812
539.003
540.194
541.384
542.574
543.765
544.955
546.145
547.335
548.525
549.715
550.905
552.095
553.285
554.475
462.126
463.32
464.514
465.708
466.902
468.096
469.29
470.483
471.677
472.87
474.064
475.257
476.45
477.643
478.836
480.029
481.222
482.415
483.608
484.801
485.993
487.186
488.378
489.571
490.763
491.955
493.148
494.34
495.532
496.724
497.916
499.107
500.299
501.491
502.683
503.874
505.066
506.257
507.448
508.639
509.831
511.022
512.213
513.404
514.595
515.785
516.976
518.167
519.357
520.548
521.738
522.929
524.119
525.309
526.499
527.689
528.879
530.069
531.259
532.449
533.639
534.828
536.018
537.207
538.397
539.586
540.775
541.964
543.154
544.343
545.532
546.72
547.909
455.636
456.829
458.022
459.215
460.408
461.601
462.794
463.987
465.179
466.372
467.565
468.757
469.949
471.142
472.334
473.526
474.718
475.91
477.102
478.294
479.486
480.677
481.869
483.06
484.252
485.443
486.635
487.826
489.017
490.208
491.399
492.59
493.781
494.972
496.163
497.353
498.544
499.735
500.925
502.115
503.306
504.496
505.686
506.876
508.066
509.256
510.446
511.636
512.825
514.015
515.205
516.394
517.584
518.773
519.962
521.151
522.341
523.53
524.719
525.908
527.096
528.285
529.474
530.663
531.851
533.04
534.228
535.416
536.605
537.793
538.981
540.169
541.357
447.966
449.159
450.351
451.543
452.735
453.927
455.119
456.311
457.503
458.695
459.887
461.078
462.27
463.462
464.653
465.844
467.036
468.227
469.418
470.609
471.8
472.991
474.182
475.373
476.563
477.754
478.944
480.135
481.325
482.516
483.706
484.896
486.086
487.276
488.466
489.656
490.846
492.036
493.225
494.415
495.604
496.794
497.983
499.172
500.362
501.551
502.74
503.929
505.118
506.307
507.496
508.684
509.873
511.061
512.25
513.438
514.627
515.815
517.003
518.191
519.379
520.567
521.755
522.943
524.131
525.319
526.506
527.694
528.882
530.069
531.256
532.444
533.631
534.818
441.503
442.694
443.886
445.077
446.268
447.46
448.651
449.842
451.033
452.224
453.415
454.605
455.796
456.987
458.177
459.368
460.558
461.749
462.939
464.129
465.319
466.509
467.699
468.889
470.079
471.269
472.458
473.648
474.837
476.027
477.216
478.406
479.595
480.784
481.973
483.162
484.351
485.54
486.729
487.918
489.106
490.295
491.483
492.672
493.86
495.048
496.237
497.425
498.613
499.801
500.989
502.177
503.365
504.552
505.74
506.927
508.115
509.302
510.49
511.677
512.864
514.051
515.239
516.426
517.613
518.799
519.986
521.173
522.36
523.546
524.733
525.919
527.105
435.052
436.243
437.433
438.624
439.814
441.005
442.195
443.385
444.575
445.765
446.955
448.145
449.335
450.525
451.714
452.904
454.094
455.283
456.473
457.662
458.851
460.04
461.229
462.418
463.607
464.796
465.985
467.174
468.363
469.551
470.74
471.928
473.117
474.305
475.493
476.681
477.869
479.057
480.245
481.433
482.621
483.809
484.996
486.184
487.372
488.559
489.746
490.934
492.121
493.308
494.495
495.682
496.869
498.056
499.243
500.43
501.616
502.803
503.989
505.176
506.362
507.548
508.735
509.921
511.107
512.293
513.479
514.665
515.851
517.036
518.222
519.408
520.593
427.424
428.614
429.804
430.994
432.183
433.373
434.562
435.752
436.941
438.13
439.32
440.509
441.698
442.887
444.076
445.265
446.453
447.642
448.831
450.019
451.208
452.396
453.584
454.773
455.961
457.149
458.337
459.525
460.713
461.901
463.088
464.276
465.464
466.651
467.839
469.026
470.213
471.4
472.588
473.775
474.962
476.149
477.336
478.522
479.709
480.896
482.082
483.269
484.455
485.642
486.828
488.014
489.2
490.387
491.573
492.759
493.944
495.13
496.316
497.502
498.687
499.873
501.058
502.244
503.429
504.614
505.799
506.984
508.169
509.354
510.539
511.724
512.909
514.094
421
422.189
423.378
424.567
425.756
426.944
428.133
429.322
430.51
431.698
432.887
434.075
435.263
436.451
437.639
438.827
440.015
441.203
442.391
443.579
444.766
445.954
447.141
448.329
449.516
450.703
451.89
453.077
454.264
455.451
456.638
457.825
459.012
460.198
461.385
462.572
463.758
464.944
466.131
467.317
468.503
469.689
470.875
472.061
473.247
474.433
475.619
476.804
477.99
479.175
480.361
481.546
482.732
483.917
485.102
486.287
487.472
488.657
489.842
491.027
492.212
493.396
494.581
495.765
496.95
498.134
499.319
500.503
501.687
502.871
504.055
505.239
506.423
413.401
414.589
415.777
416.965
418.153
419.341
420.529
421.716
422.904
424.092
425.279
426.467
427.654
428.841
430.029
431.216
432.403
433.59
434.777
435.964
437.151
438.337
439.524
440.711
441.897
443.084
444.27
445.456
446.643
447.829
449.015
450.201
451.387
452.573
453.759
454.944
456.13
457.316
458.501
459.687
460.872
462.057
463.242
464.428
465.613
466.798
467.983
469.168
470.352
471.537
472.722
473.906
475.091
476.275
477.46
478.644
479.828
481.013
482.197
483.381
484.565
485.749
486.932
488.116
489.3
490.484
491.667
492.851
494.034
495.217
496.401
497.584
498.767
499.95
407.003
408.19
409.377
410.565
411.752
412.939
414.126
415.313
416.499
417.686
418.873
420.059
421.246
422.432
423.619
424.805
425.991
427.177
428.364
429.55
430.735
431.921
433.107
434.293
435.479
436.664
437.85
439.035
440.221
441.406
442.591
443.776
444.961
446.146
447.331
448.516
449.701
450.886
452.07
453.255
454.44
455.624
456.808
457.993
459.177
460.361
461.545
462.729
463.913
465.097
466.281
467.465
468.648
469.832
471.016
472.199
473.382
474.566
475.749
476.932
478.115
479.298
480.481
481.664
482.847
484.03
485.213
486.395
487.578
488.76
489.943
491.125
492.307
399.431
400.618
401.804
402.99
404.177
405.363
406.549
407.735
408.921
410.107
411.293
412.479
413.665
414.85
416.036
417.221
418.407
419.592
420.777
421.963
423.148
424.333
425.518
426.703
427.888
429.073
430.257
431.442
432.627
433.811
434.996
436.18
437.364
438.549
439.733
440.917
442.101
443.285
444.469
445.652
446.836
448.02
449.204
450.387
451.571
452.754
453.937
455.12
456.304
457.487
458.67
459.853
461.036
462.219
463.401
464.584
465.767
466.949
468.132
469.314
470.496
471.679
472.861
474.043
475.225
476.407
477.589
478.771
479.953
481.134
482.316
483.498
484.679
485.861
393.059
394.245
395.43
396.616
397.801
398.987
400.172
401.357
402.542
403.728
404.913
406.098
407.282
408.467
409.652
410.837
412.021
413.206
414.39
415.574
416.759
417.943
419.127
420.311
421.495
422.679
423.863
425.047
426.231
427.414
428.598
429.781
430.965
432.148
433.332
434.515
435.698
436.881
438.064
439.247
440.43
441.613
442.796
443.978
445.161
446.343
447.526
448.708
449.891
451.073
452.255
453.437
454.619
455.801
456.983
458.165
459.347
460.528
461.71
462.892
464.073
465.255
466.436
467.617
468.798
469.98
471.161
472.342
473.523
474.704
475.884
477.065
478.246
385.515
386.7
387.885
389.069
390.254
391.439
392.623
393.808
394.992
396.176
397.361
398.545
399.729
400.913
402.097
403.281
404.464
405.648
406.832
408.015
409.199
410.382
411.566
412.749
413.932
415.115
416.298
417.481
418.664
419.847
421.03
422.213
423.395
424.578
425.761
426.943
428.125
429.308
430.49
431.672
432.854
434.036
435.218
436.4
437.582
438.764
439.945
441.127
442.309
443.49
444.672
445.853
447.034
448.215
449.397
450.578
451.759
452.94
454.12
455.301
456.482
457.663
458.843
460.024
461.204
462.384
463.565
464.745
465.925
467.105
468.285
469.465
470.645
471.825
377.985
379.169
380.353
381.537
382.721
383.905
385.088
386.272
387.456
388.639
389.823
391.006
392.189
393.372
394.556
395.739
396.922
398.105
399.287
400.47
401.653
402.836
404.018
405.201
406.383
407.566
408.748
409.93
411.112
412.294
413.476
414.658
415.84
417.022
418.204
419.385
420.567
421.749
422.93
424.111
425.293
426.474
427.655
428.836
430.017
431.198
432.379
433.56
434.741
435.922
437.102
438.283
439.463
440.644
441.824
443.004
444.185
445.365
446.545
447.725
448.905
450.085
451.264
452.444
453.624
454.803
455.983
457.162
458.342
459.521
460.7
461.88
463.059
464.238
371.652
372.836
374.019
375.202
376.385
377.568
378.751
379.933
381.116
382.299
383.481
384.664
385.846
387.029
388.211
389.393
390.575
391.757
392.939
394.121
395.303
396.485
397.667
398.848
400.03
401.211
402.393
403.574
404.755
405.937
407.118
408.299
409.48
410.661
411.842
413.023
414.203
415.384
416.565
417.745
418.926
420.106
421.286
422.467
423.647
424.827
426.007
427.187
428.367
429.547
430.727
431.906
433.086
434.266
435.445
436.625
437.804
438.983
440.162
441.342
442.521
443.7
444.879
446.058
447.236
448.415
449.594
450.773
451.951
453.13
454.308
455.486
456.665
457.843
364.15
365.332
366.514
367.697
368.879
370.061
371.243
372.425
373.607
374.789
375.971
377.152
378.334
379.516
380.697
381.878
383.06
384.241
385.422
386.603
387.785
388.966
390.146
391.327
392.508
393.689
394.87
396.05
397.231
398.411
399.591
400.772
401.952
403.132
404.312
405.492
406.672
407.852
409.032
410.212
411.391
412.571
413.751
414.93
416.11
417.289
418.468
419.647
420.827
422.006
423.185
424.364
425.542
426.721
427.9
429.079
430.257
431.436
432.614
433.793
434.971
436.149
437.327
438.505
439.684
440.861
442.039
443.217
444.395
445.573
446.75
447.928
449.105
450.283
356.661
357.843
359.024
360.206
361.387
362.568
363.75
364.931
366.112
367.293
368.474
369.655
370.836
372.017
373.197
374.378
375.558
376.739
377.919
379.1
380.28
381.46
382.64
383.82
385
386.18
387.36
388.54
389.72
390.899
392.079
393.259
394.438
395.617
396.797
397.976
399.155
400.334
401.513
402.692
403.871
405.05
406.229
407.408
408.586
409.765
410.943
412.122
413.3
414.478
415.657
416.835
418.013
419.191
420.369
421.547
422.724
423.902
425.08
426.257
427.435
428.613
429.79
430.967
432.145
433.322
434.499
435.676
436.853
438.03
439.207
440.384
441.56
442.737
349.186
350.367
351.548
352.728
353.909
355.09
356.27
357.45
358.631
359.811
360.991
362.171
363.351
364.531
365.711
366.891
368.071
369.251
370.43
371.61
372.789
373.969
375.148
376.327
377.507
378.686
379.865
381.044
382.223
383.402
384.581
385.759
386.938
388.117
389.295
390.474
391.652
392.83
394.009
395.187
396.365
397.543
398.721
399.899
401.077
402.254
403.432
404.61
405.787
406.965
408.142
409.32
410.497
411.674
412.851
414.029
415.206
416.383
417.559
418.736
419.913
421.09
422.266
423.443
424.62
425.796
426.972
428.149
429.325
430.501
431.677
432.853
434.029
435.205
436.381
342.905
344.085
345.265
346.445
347.625
348.804
349.984
351.164
352.343
353.522
354.702
355.881
357.06
358.239
359.418
360.597
361.776
362.955
364.134
365.313
366.491
367.67
368.848
370.027
371.205
372.383
373.562
374.74
375.918
377.096
378.274
379.452
380.63
381.807
382.985
384.163
385.34
386.518
387.695
388.872
390.05
391.227
392.404
393.581
394.758
395.935
397.112
398.289
399.465
400.642
401.819
402.995
404.172
405.348
406.524
407.701
408.877
410.053
411.229
412.405
413.581
414.757
415.933
417.108
418.284
419.46
420.635
421.811
422.986
424.161
425.337
426.512
427.687
428.862
335.457
336.637
337.816
338.995
340.174
341.353
342.531
343.71
344.889
346.067
347.246
348.424
349.603
350.781
351.959
353.138
354.316
355.494
356.672
357.85
359.027
360.205
361.383
362.561
363.738
364.916
366.093
367.271
368.448
369.625
370.802
371.979
373.156
374.333
375.51
376.687
377.864
379.041
380.217
381.394
382.57
383.747
384.923
386.099
387.276
388.452
389.628
390.804
391.98
393.156
394.331
395.507
396.683
397.858
399.034
400.21
401.385
402.56
403.736
404.911
406.086
407.261
408.436
409.611
410.786
411.961
413.135
414.31
415.485
416.659
417.834
419.008
420.183
421.357
328.023
329.202
330.38
331.558
332.736
333.914
335.092
336.27
337.448
338.626
339.804
340.982
342.159
343.337
344.514
345.692
346.869
348.046
349.223
350.4
351.578
352.755
353.931
355.108
356.285
357.462
358.638
359.815
360.992
362.168
363.344
364.521
365.697
366.873
368.049
369.225
370.401
371.577
372.753
373.929
375.105
376.28
377.456
378.631
379.807
380.982
382.157
383.333
384.508
385.683
386.858
388.033
389.208
390.383
391.557
392.732
393.907
395.081
396.256
397.43
398.605
399.779
400.953
402.127
403.302
404.476
405.65
406.823
407.997
409.171
410.345
411.518
412.692
413.866
320.603
321.78
322.958
324.135
325.313
326.49
327.667
328.844
330.021
331.198
332.375
333.552
334.729
335.906
337.083
338.259
339.436
340.612
341.789
342.965
344.141
345.317
346.494
347.67
348.846
350.022
351.197
352.373
353.549
354.725
355.9
357.076
358.251
359.427
360.602
361.777
362.952
364.128
365.303
366.478
367.653
368.827
370.002
371.177
372.352
373.526
374.701
375.875
377.05
378.224
379.398
380.572
381.747
382.921
384.095
385.269
386.442
387.616
388.79
389.964
391.137
392.311
393.484
394.658
395.831
397.004
398.177
399.351
400.524
401.697
402.87
404.042
405.215
406.388
407.561
313.196
314.373
315.55
316.726
317.903
319.079
320.256
321.432
322.608
323.785
324.961
326.137
327.313
328.489
329.665
330.841
332.016
333.192
334.368
335.543
336.719
337.894
339.069
340.245
341.42
342.595
343.77
344.945
346.12
347.295
348.47
349.645
350.819
351.994
353.168
354.343
355.517
356.692
357.866
359.04
360.214
361.388
362.562
363.736
364.91
366.084
367.258
368.431
369.605
370.779
371.952
373.126
374.299
375.472
376.645
377.819
378.992
380.165
381.338
382.51
383.683
384.856
386.029
387.201
388.374
389.546
390.719
391.891
393.064
394.236
395.408
396.58
397.752
398.924
400.096
305.803
306.979
308.155
309.331
310.506
311.682
312.858
314.033
315.209
316.384
317.56
318.735
319.91
321.085
322.26
323.435
324.61
325.785
326.96
328.135
329.31
330.484
331.659
332.833
334.008
335.182
336.356
337.531
338.705
339.879
341.053
342.227
343.401
344.575
345.748
346.922
348.096
349.269
350.443
351.616
352.79
353.963
355.136
356.309
357.482
358.655
359.828
361.001
362.174
363.347
364.52
365.692
366.865
368.037
369.21
370.382
371.554
372.727
373.899
375.071
376.243
377.415
378.587
379.759
380.931
382.102
383.274
384.446
385.617
386.789
387.96
389.131
390.303
391.474
392.645
298.423
299.598
300.774
301.949
303.124
304.298
305.473
306.648
307.823
308.997
310.172
311.347
312.521
313.695
314.87
316.044
317.218
318.392
319.566
320.74
321.914
323.088
324.262
325.436
326.609
327.783
328.956
330.13
331.303
332.476
333.65
334.823
335.996
337.169
338.342
339.515
340.688
341.861
343.033
344.206
345.378
346.551
347.723
348.896
350.068
351.24
352.413
353.585
354.757
355.929
357.101
358.273
359.444
360.616
361.788
362.959
364.131
365.302
366.474
367.645
368.816
369.988
371.159
372.33
373.501
374.672
375.843
377.013
378.184
379.355
380.525
381.696
382.867
384.037
385.207
291.057
292.231
293.406
294.58
295.754
296.928
298.102
299.276
300.45
301.624
302.798
303.972
305.145
306.319
307.492
308.666
309.839
311.013
312.186
313.359
314.532
315.705
316.878
318.051
319.224
320.397
321.57
322.742
323.915
325.087
326.26
327.432
328.605
329.777
330.949
332.121
333.293
334.465
335.637
336.809
337.981
339.153
340.324
341.496
342.667
343.839
345.01
346.182
347.353
348.524
349.695
350.866
352.037
353.208
354.379
355.55
356.721
357.891
359.062
360.233
361.403
362.574
363.744
364.914
366.084
367.255
368.425
369.595
370.765
371.935
373.105
374.274
375.444
376.614
377.783
283.704
284.878
286.051
287.225
288.398
289.572
290.745
291.918
293.091
294.264
295.437
296.61
297.783
298.956
300.129
301.301
302.474
303.646
304.819
305.991
307.164
308.336
309.508
310.68
311.852
313.024
314.196
315.368
316.54
317.712
318.883
320.055
321.227
322.398
323.57
324.741
325.912
327.083
328.255
329.426
330.597
331.768
332.938
334.109
335.28
336.451
337.621
338.792
339.962
341.133
342.303
343.474
344.644
345.814
346.984
348.154
349.324
350.494
351.664
352.834
354.003
355.173
356.343
357.512
358.682
359.851
361.02
362.19
363.359
364.528
365.697
366.866
368.035
369.204
370.373
276.365
277.538
278.711
279.883
281.056
282.228
283.401
284.573
285.746
286.918
288.09
289.262
290.434
291.606
292.778
293.95
295.122
296.294
297.465
298.637
299.809
300.98
302.151
303.323
304.494
305.665
306.836
308.008
309.179
310.35
311.52
312.691
313.862
315.033
316.203
317.374
318.544
319.715
320.885
322.056
323.226
324.396
325.566
326.736
327.906
329.076
330.246
331.416
332.585
333.755
334.925
336.094
337.264
338.433
339.602
340.772
341.941
343.11
344.279
345.448
346.617
347.786
348.955
350.123
351.292
352.461
353.629
354.798
355.966
357.135
358.303
359.471
360.639
361.808
362.976
269.039
270.211
271.383
272.555
273.727
274.898
276.07
277.242
278.413
279.585
280.756
281.928
283.099
284.27
285.441
286.612
287.783
288.954
290.125
291.296
292.467
293.637
294.808
295.979
297.149
298.32
299.49
300.66
301.831
303.001
304.171
305.341
306.511
307.681
308.851
310.02
311.19
312.36
313.529
314.699
315.868
317.038
318.207
319.376
320.546
321.715
322.884
324.053
325.222
326.391
327.559
328.728
329.897
331.065
332.234
333.403
334.571
335.739
336.908
338.076
339.244
340.412
341.58
342.748
343.916
345.084
346.252
347.419
348.587
349.755
350.922
352.09
353.257
354.424
355.592
261.726
262.897
264.069
265.24
266.411
267.582
268.753
269.923
271.094
272.265
273.436
274.606
275.777
276.947
278.117
279.288
280.458
281.628
282.798
283.968
285.138
286.308
287.478
288.648
289.818
290.987
292.157
293.326
294.496
295.665
296.834
298.004
299.173
300.342
301.511
302.68
303.849
305.018
306.187
307.356
308.524
309.693
310.861
312.03
313.198
314.367
315.535
316.703
317.871
319.039
320.207
321.375
322.543
323.711
324.879
326.047
327.214
328.382
329.549
330.717
331.884
333.052
334.219
335.386
336.553
337.72
338.887
340.054
341.221
342.388
343.555
344.722
345.888
347.055
348.221
253.256
254.427
255.597
256.768
257.938
259.108
260.278
261.448
262.618
263.788
264.958
266.128
267.298
268.468
269.637
270.807
271.976
273.146
274.315
275.485
276.654
277.823
278.992
280.161
281.33
282.499
283.668
284.837
286.006
287.174
288.343
289.511
290.68
291.848
293.017
294.185
295.353
296.521
297.689
298.857
300.025
301.193
302.361
303.529
304.697
305.864
307.032
308.199
309.367
310.534
311.701
312.869
314.036
315.203
316.37
317.537
318.704
319.871
321.038
322.205
323.371
324.538
325.704
326.871
328.037
329.204
330.37
331.536
332.702
333.869
335.035
336.201
337.367
338.532
339.698
340.864
245.971
247.14
248.31
249.48
250.649
251.819
252.988
254.157
255.327
256.496
257.665
258.834
260.003
261.172
262.341
263.509
264.678
265.847
267.015
268.184
269.352
270.521
271.689
272.858
274.026
275.194
276.362
277.53
278.698
279.866
281.034
282.201
283.369
284.537
285.704
286.872
288.039
289.207
290.374
291.541
292.708
293.875
295.043
296.21
297.376
298.543
299.71
300.877
302.044
303.21
304.377
305.543
306.71
307.876
309.042
310.209
311.375
312.541
313.707
314.873
316.039
317.205
318.37
319.536
320.702
321.867
323.033
324.198
325.364
326.529
327.694
328.86
330.025
331.19
332.355
333.52
238.698
239.867
241.036
242.205
243.374
244.542
245.711
246.879
248.048
249.216
250.385
251.553
252.721
253.889
255.057
256.225
257.393
258.561
259.729
260.897
262.064
263.232
264.399
265.567
266.734
267.902
269.069
270.236
271.403
272.571
273.738
274.905
276.072
277.238
278.405
279.572
280.739
281.905
283.072
284.238
285.405
286.571
287.737
288.903
290.07
291.236
292.402
293.568
294.733
295.899
297.065
298.231
299.396
300.562
301.728
302.893
304.058
305.224
306.389
307.554
308.719
309.884
311.049
312.214
313.379
314.544
315.709
316.874
318.038
319.203
320.367
321.532
322.696
323.861
325.025
231.439
232.607
233.775
234.943
236.111
237.279
238.447
239.614
240.782
241.95
243.117
244.285
245.452
246.62
247.787
248.954
250.121
251.288
252.455
253.622
254.789
255.956
257.123
258.289
259.456
260.623
261.789
262.956
264.122
265.288
266.455
267.621
268.787
269.953
271.119
272.285
273.451
274.617
275.782
276.948
278.114
279.279
280.445
281.61
282.776
283.941
285.106
286.271
287.437
288.602
289.767
290.931
292.096
293.261
294.426
295.591
296.755
297.92
299.084
300.249
301.413
302.577
303.742
304.906
306.07
307.234
308.398
309.562
310.726
311.89
313.053
314.217
315.381
316.544
317.708
223.025
224.193
225.36
226.527
227.694
228.862
230.029
231.196
232.363
233.529
234.696
235.863
237.03
238.196
239.363
240.529
241.696
242.862
244.029
245.195
246.361
247.527
248.693
249.859
251.025
252.191
253.357
254.522
255.688
256.854
258.019
259.185
260.35
261.515
262.681
263.846
265.011
266.176
267.341
268.506
269.671
270.836
272.001
273.166
274.33
275.495
276.659
277.824
278.988
280.153
281.317
282.481
283.645
284.809
285.973
287.137
288.301
289.465
290.629
291.793
292.956
294.12
295.283
296.447
297.61
298.774
299.937
301.1
302.263
303.426
304.589
305.752
306.915
308.078
309.241
310.404
215.793
216.959
218.126
219.292
220.459
221.625
222.791
223.958
225.124
226.29
227.456
228.622
229.788
230.953
232.119
233.285
234.451
235.616
236.782
237.947
239.113
240.278
241.443
242.608
243.774
244.939
246.104
247.269
248.433
249.598
250.763
251.928
253.092
254.257
255.421
256.586
257.75
258.915
260.079
261.243
262.407
263.571
264.735
265.899
267.063
268.227
269.391
270.554
271.718
272.882
274.045
275.208
276.372
277.535
278.698
279.862
281.025
282.188
283.351
284.514
285.677
286.84
288.002
289.165
290.328
291.49
292.653
293.815
294.978
296.14
297.302
298.464
299.627
300.789
301.951
303.113
208.573
209.739
210.904
212.07
213.236
214.401
215.567
216.732
217.898
219.063
220.228
221.393
222.558
223.724
224.889
226.053
227.218
228.383
229.548
230.713
231.877
233.042
234.206
235.371
236.535
237.699
238.863
240.028
241.192
242.356
243.52
244.684
245.848
247.011
248.175
249.339
250.502
251.666
252.829
253.993
255.156
256.319
257.483
258.646
259.809
260.972
262.135
263.298
264.461
265.623
266.786
267.949
269.111
270.274
271.437
272.599
273.761
274.924
276.086
277.248
278.41
279.572
280.734
281.896
283.058
284.22
285.381
286.543
287.705
288.866
290.028
291.189
292.351
293.512
294.673
200.201
201.366
202.531
203.696
204.861
206.026
207.191
208.355
209.52
210.684
211.849
213.013
214.178
215.342
216.506
217.671
218.835
219.999
221.163
222.327
223.491
224.655
225.818
226.982
228.146
229.309
230.473
231.636
232.8
233.963
235.126
236.289
237.452
238.616
239.779
240.942
242.104
243.267
244.43
245.593
246.755
247.918
249.08
250.243
251.405
252.568
253.73
254.892
256.054
257.216
258.378
259.54
260.702
261.864
263.026
264.187
265.349
266.511
267.672
268.834
269.995
271.156
272.318
273.479
274.64
275.801
276.962
278.123
279.284
280.445
281.606
282.766
283.927
285.088
286.248
287.409
193.008
194.172
195.336
196.5
197.665
198.829
199.993
201.156
202.32
203.484
204.648
205.812
206.975
208.139
209.302
210.466
211.629
212.792
213.955
215.119
216.282
217.445
218.608
219.771
220.933
222.096
223.259
224.422
225.584
226.747
227.909
229.072
230.234
231.396
232.559
233.721
234.883
236.045
237.207
238.369
239.531
240.692
241.854
243.016
244.177
245.339
246.501
247.662
248.823
249.985
251.146
252.307
253.468
254.629
255.79
256.951
258.112
259.273
260.434
261.594
262.755
263.915
265.076
266.236
267.397
268.557
269.717
270.878
272.038
273.198
274.358
275.518
276.678
277.838
278.997
280.157
184.664
185.827
186.991
188.154
189.318
190.481
191.644
192.807
193.97
195.134
196.297
197.459
198.622
199.785
200.948
202.111
203.273
204.436
205.598
206.761
207.923
209.085
210.248
211.41
212.572
213.734
214.896
216.058
217.22
218.382
219.544
220.705
221.867
223.028
224.19
225.351
226.513
227.674
228.835
229.997
231.158
232.319
233.48
234.641
235.802
236.963
238.123
239.284
240.445
241.605
242.766
243.926
245.087
246.247
247.407
248.568
249.728
250.888
252.048
253.208
254.368
255.528
256.687
257.847
259.007
260.166
261.326
262.485
263.645
264.804
265.964
267.123
268.282
269.441
270.6
271.759
177.497
178.659
179.822
180.985
182.147
183.31
184.472
185.635
186.797
187.959
189.122
190.284
191.446
192.608
193.77
194.932
196.094
197.255
198.417
199.579
200.74
201.902
203.063
204.225
205.386
206.547
207.709
208.87
210.031
211.192
212.353
213.514
214.675
215.835
216.996
218.157
219.318
220.478
221.639
222.799
223.959
225.12
226.28
227.44
228.6
229.76
230.92
232.08
233.24
234.4
235.56
236.719
237.879
239.039
240.198
241.357
242.517
243.676
244.835
245.995
247.154
248.313
249.472
250.631
251.79
252.949
254.107
255.266
256.425
257.583
258.742
259.9
261.059
262.217
263.376
264.534
169.18
170.342
171.504
172.666
173.828
174.99
176.152
177.313
178.475
179.636
180.798
181.959
183.121
184.282
185.443
186.604
187.766
188.927
190.088
191.249
192.409
193.57
194.731
195.892
197.052
198.213
199.373
200.534
201.694
202.855
204.015
205.175
206.335
207.495
208.655
209.815
210.975
212.135
213.295
214.454
215.614
216.774
217.933
219.093
220.252
221.411
222.571
223.73
224.889
226.048
227.207
228.366
229.525
230.684
231.843
233.001
234.16
235.319
236.477
237.636
238.794
239.953
241.111
242.269
243.427
244.586
245.744
246.902
248.06
249.217
250.375
251.533
252.691
253.848
255.006
256.164
160.878
162.039
163.2
164.362
165.523
166.684
167.845
169.006
170.167
171.327
172.488
173.649
174.81
175.97
177.131
178.291
179.452
180.612
181.772
182.932
184.093
185.253
186.413
187.573
188.733
189.892
191.052
192.212
193.372
194.531
195.691
196.85
198.01
199.169
200.328
201.488
202.647
203.806
204.965
206.124
207.283
208.442
209.6
210.759
211.918
213.077
214.235
215.394
216.552
217.71
218.869
220.027
221.185
222.343
223.501
224.659
225.817
226.975
228.133
229.291
230.449
231.606
232.764
233.922
235.079
236.236
237.394
238.551
239.708
240.866
242.023
243.18
244.337
245.494
246.651
247.807
248.964
153.75
154.911
156.071
157.231
158.392
159.552
160.712
161.872
163.033
164.193
165.353
166.513
167.672
168.832
169.992
171.152
172.311
173.471
174.63
175.79
176.949
178.108
179.268
180.427
181.586
182.745
183.904
185.063
186.222
187.381
188.539
189.698
190.857
192.015
193.174
194.332
195.491
196.649
197.807
198.966
200.124
201.282
202.44
203.598
204.756
205.914
207.071
208.229
209.387
210.544
211.702
212.859
214.017
215.174
216.332
217.489
218.646
219.803
220.96
222.117
223.274
224.431
225.588
226.745
227.901
229.058
230.215
231.371
232.528
233.684
234.84
235.997
237.153
238.309
239.465
240.621
145.475
146.635
147.794
148.954
150.114
151.273
152.433
153.592
154.752
155.911
157.07
158.229
159.389
160.548
161.707
162.866
164.025
165.183
166.342
167.501
168.66
169.818
170.977
172.135
173.294
174.452
175.61
176.768
177.927
179.085
180.243
181.401
182.559
183.716
184.874
186.032
187.19
188.347
189.505
190.662
191.82
192.977
194.134
195.292
196.449
197.606
198.763
199.92
201.077
202.234
203.391
204.548
205.704
206.861
208.018
209.174
210.331
211.487
212.643
213.8
214.956
216.112
217.268
218.424
219.58
220.736
221.892
223.048
224.204
225.36
226.515
227.671
228.826
229.982
231.137
232.293
233.448
137.214
138.373
139.532
140.691
141.85
143.009
144.167
145.326
146.485
147.643
148.802
149.96
151.119
152.277
153.435
154.594
155.752
156.91
158.068
159.226
160.384
161.542
162.7
163.857
165.015
166.173
167.33
168.488
169.645
170.803
171.96
173.117
174.274
175.431
176.589
177.746
178.903
180.059
181.216
182.373
183.53
184.686
185.843
187
188.156
189.313
190.469
191.625
192.781
193.938
195.094
196.25
197.406
198.562
199.718
200.873
202.029
203.185
204.341
205.496
206.652
207.807
208.963
210.118
211.273
212.428
213.584
214.739
215.894
217.049
218.204
219.359
220.514
221.668
222.823
223.978
225.132
130.125
131.283
132.441
133.6
134.758
135.916
137.074
138.232
139.39
140.547
141.705
142.863
144.02
145.178
146.336
147.493
148.65
149.808
150.965
152.122
153.279
154.436
155.593
156.75
157.907
159.064
160.221
161.378
162.534
163.691
164.847
166.004
167.16
168.317
169.473
170.629
171.785
172.942
174.098
175.254
176.41
177.565
178.721
179.877
181.033
182.188
183.344
184.5
185.655
186.81
187.966
189.121
190.276
191.432
192.587
193.742
194.897
196.052
197.206
198.361
199.516
200.671
201.825
202.98
204.135
205.289
206.443
207.598
208.752
209.906
211.06
212.215
213.369
214.523
215.677
216.83
121.891
123.048
124.206
125.363
126.521
127.678
128.835
129.992
131.15
132.307
133.464
134.621
135.778
136.934
138.091
139.248
140.405
141.561
142.718
143.874
145.031
146.187
147.343
148.5
149.656
150.812
151.968
153.124
154.28
155.436
156.592
157.747
158.903
160.059
161.214
162.37
163.525
164.681
165.836
166.991
168.147
169.302
170.457
171.612
172.767
173.922
175.077
176.232
177.386
178.541
179.696
180.85
182.005
183.159
184.314
185.468
186.622
187.776
188.931
190.085
191.239
192.393
193.547
194.701
195.854
197.008
198.162
199.316
200.469
201.623
202.776
203.929
205.083
206.236
207.389
208.543
115.984
117.141
118.297
119.454
120.61
121.767
122.923
124.08
125.236
126.392
127.548
128.705
129.861
131.017
132.173
133.328
134.484
135.64
136.796
137.951
139.107
140.263
141.418
142.573
143.729
144.884
146.039
147.194
148.35
149.505
150.66
151.814
152.969
154.124
155.279
156.434
157.588
158.743
159.897
161.052
162.206
163.361
164.515
165.669
166.823
167.977
169.131
170.285
171.439
172.593
173.747
174.901
176.054
177.208
178.362
179.515
180.669
181.822
182.975
184.129
185.282
186.435
187.588
188.741
189.894
191.047
192.2
193.353
194.505
195.658
196.811
197.963
199.116
200.268
201.421
115.867
117.022
118.178
119.333
120.488
121.644
122.799
123.954
125.109
126.265
127.42
128.575
129.73
130.884
132.039
133.194
134.349
135.503
136.658
137.812
138.967
140.121
141.275
142.43
143.584
144.738
145.892
147.046
148.2
149.354
150.508
151.662
152.816
153.969
155.123
156.276
157.43
158.583
159.737
160.89
162.043
163.197
164.35
165.503
166.656
167.809
168.962
170.115
171.267
172.42
173.573
174.725
175.878
177.031
178.183
179.335
180.488
181.64
182.792
183.944
185.096
186.249
187.401
188.552
189.704
190.856
192.008
193.16
115.75
116.904
118.059
119.213
120.367
121.521
122.675
123.83
124.984
126.138
127.291
128.445
129.599
130.753
131.906
133.06
134.214
135.367
136.521
137.674
138.827
139.98
141.134
142.287
143.44
144.593
145.746
146.899
148.052
149.204
150.357
151.51
152.662
153.815
154.967
156.12
157.272
158.425
159.577
160.729
161.881
163.033
164.185
165.337
166.489
167.641
168.793
169.945
171.096
172.248
173.4
174.551
175.703
176.854
178.005
179.157
180.308
181.459
182.61
183.761
184.912
115.633
116.787
117.94
119.093
120.246
121.399
122.552
123.705
124.858
126.011
127.164
128.317
129.469
130.622
131.774
132.927
134.079
135.232
136.384
137.536
138.688
139.84
140.993
142.145
143.297
144.448
145.6
146.752
147.904
149.055
150.207
151.359
152.51
153.662
154.813
155.964
157.116
158.267
159.418
160.569
161.72
162.871
164.022
165.173
166.324
167.474
168.625
169.776
170.926
172.077
173.227
174.378
175.528
176.678
115.518
116.67
117.822
118.974
120.126
121.278
122.43
123.582
124.734
125.885
127.037
128.188
129.34
130.491
131.643
132.794
133.946
135.097
136.248
137.399
138.55
139.701
140.852
142.003
143.154
144.305
145.455
146.606
147.757
148.907
150.058
151.208
152.359
153.509
154.659
155.809
156.959
158.11
159.26
160.41
161.56
162.709
163.859
165.009
166.159
167.308
168.458
115.403
116.554
117.705
118.856
120.007
121.157
122.308
123.459
124.609
125.76
126.911
128.061
129.211
130.362
131.512
132.662
133.813
134.963
136.113
137.263
138.413
139.563
140.712
141.862
143.012
144.162
145.311
146.461
147.61
148.76
149.909
151.058
152.208
153.357
154.506
155.655
156.804
157.953
159.102
160.251
115.288
116.438
117.588
118.738
119.888
121.037
122.187
123.336
124.486
125.635
126.785
127.934
129.084
130.233
131.382
132.531
133.68
134.829
135.978
137.127
138.276
139.425
140.573
141.722
142.871
144.019
145.168
146.316
147.465
148.613
149.761
150.909
152.058
115.174
116.323
117.472
118.62
119.769
120.918
122.066
123.215
124.363
125.511
126.66
127.808
128.956
130.104
131.252
132.4
133.548
134.696
135.844
136.992
138.14
139.287
140.435
141.583
142.73
143.878
115.061
116.208
117.356
118.504
119.651
120.799
121.946
123.094
124.241
125.388
126.535
127.682
128.83
129.977
131.124
132.27
133.417
134.564
135.711
114.948
116.095
117.241
118.388
119.534
120.68
121.827
122.973
124.119
125.265
126.411
127.558
114.836
115.981
117.127
118.272
119.417
