777.846
771.775
773.034
774.292
775.55
776.809
766.977
768.234
769.491
770.748
772.005
773.262
774.519
775.776
760.934
762.191
763.447
764.703
765.959
767.215
768.47
769.726
770.982
772.237
773.493
774.748
753.651
754.906
756.161
757.416
758.672
759.926
761.181
762.436
763.691
764.945
766.2
767.454
768.708
769.962
771.216
772.47
773.724
747.638
748.892
750.146
751.4
752.654
753.908
755.162
756.416
757.67
758.923
760.177
761.43
762.683
763.936
765.189
766.442
767.695
768.948
770.2
771.453
772.705
741.639
742.892
744.146
745.399
746.652
747.905
749.157
750.41
751.663
752.915
754.168
755.42
756.672
757.924
759.176
760.428
761.68
762.932
764.183
765.435
766.686
767.937
769.189
770.44
771.691
735.654
736.907
738.159
739.411
740.663
741.915
743.167
744.418
745.67
746.922
748.173
749.424
750.675
751.927
753.178
754.428
755.679
756.93
758.18
759.431
760.681
761.932
763.182
764.432
765.682
766.932
768.181
769.431
770.681
729.684
730.935
732.186
733.438
734.689
735.939
737.19
738.441
739.691
740.942
742.192
743.443
744.693
745.943
747.193
748.443
749.692
750.942
752.192
753.441
754.691
755.94
757.189
758.438
759.687
760.936
762.185
763.433
764.682
765.93
767.179
768.427
769.675
723.728
724.978
726.228
727.478
728.728
729.978
731.228
732.477
733.727
734.976
736.226
737.475
738.724
739.973
741.222
742.471
743.72
744.969
746.217
747.466
748.714
749.962
751.21
752.458
753.706
754.954
756.202
757.45
758.697
759.945
761.192
762.439
763.686
764.934
766.181
767.427
768.674
717.785
719.034
720.284
721.533
722.782
724.03
725.279
726.528
727.776
729.025
730.273
731.522
732.77
734.018
735.266
736.514
737.761
739.009
740.256
741.504
742.751
743.999
745.246
746.493
747.74
748.987
750.233
751.48
752.727
753.973
755.219
756.466
757.712
758.958
760.204
761.45
762.695
763.941
765.187
766.432
767.678
711.857
713.105
714.353
715.601
716.849
718.097
719.345
720.592
721.84
723.087
724.335
725.582
726.829
728.076
729.323
730.57
731.817
733.063
734.31
735.556
736.803
738.049
739.295
740.541
741.787
743.033
744.279
745.524
746.77
748.015
749.261
750.506
751.751
752.996
754.241
755.486
756.731
757.975
759.22
760.464
761.709
762.953
764.197
765.441
766.685
704.695
705.942
707.189
708.437
709.684
710.931
712.177
713.424
714.671
715.917
717.164
718.41
719.656
720.902
722.148
723.394
724.64
725.886
727.132
728.377
729.623
730.868
732.113
733.358
734.603
735.848
737.093
738.338
739.582
740.827
742.071
743.316
744.56
745.804
747.048
748.292
749.536
750.78
752.024
753.267
754.511
755.754
756.997
758.24
759.484
760.727
761.969
763.212
764.455
765.698
698.795
700.042
701.288
702.534
703.78
705.026
706.272
707.517
708.763
710.008
711.254
712.499
713.744
714.99
716.235
717.479
718.724
719.969
721.214
722.458
723.703
724.947
726.191
727.435
728.679
729.923
731.167
732.411
733.655
734.898
736.142
737.385
738.628
739.871
741.114
742.357
743.6
744.843
746.086
747.328
748.571
749.813
751.055
752.298
753.54
754.782
756.024
757.265
758.507
759.749
760.99
762.232
763.473
764.714
692.909
694.155
695.4
696.645
697.89
699.135
700.38
701.624
702.869
704.113
705.358
706.602
707.846
709.091
710.335
711.578
712.822
714.066
715.31
716.553
717.797
719.04
720.283
721.526
722.769
724.012
725.255
726.498
727.74
728.983
730.225
731.468
732.71
733.952
735.194
736.436
737.678
738.92
740.162
741.403
742.645
743.886
745.127
746.368
747.61
748.851
750.091
751.332
752.573
753.814
755.054
756.295
757.535
758.775
760.015
761.255
762.495
763.735
687.037
688.281
689.526
690.77
692.014
693.258
694.501
695.745
696.989
698.232
699.476
700.719
701.962
703.205
704.448
705.691
706.934
708.177
709.419
710.662
711.904
713.147
714.389
715.631
716.873
718.115
719.357
720.598
721.84
723.082
724.323
725.564
726.806
728.047
729.288
730.529
731.77
733.011
734.251
735.492
736.732
737.973
739.213
740.453
741.693
742.933
744.173
745.413
746.653
747.892
749.132
750.371
751.611
752.85
754.089
755.328
756.567
757.806
759.045
760.283
761.522
762.76
679.935
681.179
682.422
683.665
684.908
686.151
687.394
688.637
689.88
691.122
692.365
693.607
694.849
696.092
697.334
698.576
699.818
701.059
702.301
703.543
704.784
706.026
707.267
708.508
709.749
710.99
712.231
713.472
714.713
715.953
717.194
718.434
719.675
720.915
722.155
723.395
724.635
725.875
727.115
728.355
729.594
730.834
732.073
733.312
734.551
735.791
737.03
738.269
739.507
740.746
741.985
743.223
744.462
745.7
746.938
748.176
749.414
750.652
751.89
753.128
754.366
755.603
756.841
758.078
759.316
760.553
761.79
674.092
675.334
676.576
677.818
679.06
680.302
681.544
682.786
684.028
685.269
686.511
687.752
688.993
690.235
691.476
692.717
693.958
695.198
696.439
697.68
698.92
700.161
701.401
702.641
703.881
705.121
706.361
707.601
708.841
710.08
711.32
712.559
713.799
715.038
716.277
717.516
718.755
719.994
721.233
722.472
723.71
724.949
726.187
727.425
728.664
729.902
731.14
732.378
733.615
734.853
736.091
737.328
738.566
739.803
741.04
742.278
743.515
744.752
745.989
747.225
748.462
749.699
750.935
752.172
753.408
754.644
755.88
757.116
758.352
759.588
760.824
668.261
669.503
670.744
671.985
673.226
674.467
675.708
676.949
678.189
679.43
680.67
681.911
683.151
684.391
685.631
686.871
688.111
689.351
690.591
691.83
693.07
694.309
695.548
696.788
698.027
699.266
700.505
701.744
702.982
704.221
705.46
706.698
707.936
709.175
710.413
711.651
712.889
714.127
715.364
716.602
717.84
719.077
720.315
721.552
722.789
724.026
725.263
726.5
727.737
728.974
730.21
731.447
732.684
733.92
735.156
736.392
737.628
738.864
740.1
741.336
742.572
743.807
745.043
746.278
747.514
748.749
749.984
751.219
752.454
753.689
754.924
661.204
662.445
663.685
664.925
666.165
667.405
668.645
669.885
671.125
672.365
673.604
674.844
676.083
677.322
678.561
679.8
681.039
682.278
683.517
684.756
685.994
687.233
688.471
689.71
690.948
692.186
693.424
694.662
695.9
697.137
698.375
699.613
700.85
702.087
703.325
704.562
705.799
707.036
708.273
709.51
710.746
711.983
713.219
714.456
715.692
716.928
718.164
719.401
720.636
721.872
723.108
724.344
725.579
726.815
728.05
729.285
730.521
731.756
732.991
734.226
735.46
736.695
737.93
739.164
740.399
741.633
742.867
744.102
745.336
746.57
747.804
655.402
656.641
657.881
659.12
660.359
661.598
662.837
664.076
665.315
666.553
667.792
669.03
670.269
671.507
672.745
673.983
675.221
676.459
677.697
678.934
680.172
681.409
682.647
683.884
685.121
686.359
687.596
688.832
690.069
691.306
692.543
693.779
695.016
696.252
697.488
698.725
699.961
701.197
702.432
703.668
704.904
706.14
707.375
708.611
709.846
711.081
712.316
713.551
714.786
716.021
717.256
718.49
719.725
720.96
722.194
723.428
724.662
725.897
727.131
728.365
729.598
730.832
732.066
733.299
734.533
735.766
736.999
738.233
739.466
740.699
741.932
649.613
650.851
652.09
653.328
654.566
655.804
657.042
658.28
659.518
660.755
661.993
663.23
664.468
665.705
666.942
668.179
669.416
670.653
671.89
673.126
674.363
675.6
676.836
678.072
679.308
680.545
681.781
683.017
684.252
685.488
686.724
687.959
689.195
690.43
691.665
692.901
694.136
695.371
696.606
697.84
699.075
700.31
701.544
702.779
704.013
705.247
706.481
707.715
708.949
710.183
711.417
712.651
713.884
715.118
716.351
717.585
718.818
720.051
721.284
722.517
723.75
724.982
726.215
727.448
728.68
729.913
731.145
732.377
733.609
734.841
736.073
642.6
643.838
645.075
646.312
647.549
648.787
650.024
651.261
652.497
653.734
654.971
656.207
657.444
658.68
659.916
661.152
662.389
663.624
664.86
666.096
667.332
668.567
669.803
671.038
672.274
673.509
674.744
675.979
677.214
678.449
679.684
680.918
682.153
683.387
684.622
685.856
687.09
688.324
689.558
690.792
692.026
693.26
694.493
695.727
696.96
698.193
699.427
700.66
701.893
703.126
704.359
705.592
706.824
708.057
709.289
710.522
711.754
712.986
714.219
715.451
716.683
717.914
719.146
720.378
721.61
722.841
724.072
725.304
726.535
727.766
728.997
636.839
638.075
639.312
640.548
641.784
643.02
644.256
645.492
646.728
647.964
649.199
650.435
651.67
652.906
654.141
655.376
656.611
657.846
659.081
660.316
661.551
662.785
664.02
665.254
666.488
667.723
668.957
670.191
671.425
672.659
673.892
675.126
676.359
677.593
678.826
680.06
681.293
682.526
683.759
684.992
686.225
687.457
688.69
689.923
691.155
692.387
693.62
694.852
696.084
697.316
698.548
699.78
701.011
702.243
703.474
704.706
705.937
707.168
708.4
709.631
710.862
712.093
713.323
714.554
715.785
717.015
718.246
719.476
720.706
721.936
723.166
629.855
631.091
632.326
633.562
634.797
636.032
637.267
638.502
639.737
640.972
642.207
643.441
644.676
645.91
647.145
648.379
649.613
650.847
652.081
653.315
654.549
655.783
657.016
658.25
659.483
660.716
661.95
663.183
664.416
665.649
666.882
668.114
669.347
670.58
671.812
673.044
674.277
675.509
676.741
677.973
679.205
680.437
681.668
682.9
684.132
685.363
686.594
687.826
689.057
690.288
691.519
692.75
693.981
695.212
696.442
697.673
698.903
700.134
701.364
702.594
703.824
705.054
706.284
707.514
708.743
709.973
711.203
712.432
713.661
714.891
716.12
717.349
624.122
625.356
626.591
627.825
629.059
630.294
631.528
632.762
633.996
635.229
636.463
637.697
638.93
640.164
641.397
642.63
643.863
645.096
646.329
647.562
648.795
650.028
651.26
652.493
653.725
654.958
656.19
657.422
658.654
659.886
661.118
662.35
663.581
664.813
666.044
667.276
668.507
669.738
670.969
672.2
673.431
674.662
675.893
677.123
678.354
679.585
680.815
682.045
683.275
684.505
685.735
686.965
688.195
689.425
690.655
691.884
693.114
694.343
695.572
696.802
698.031
699.26
700.489
701.717
702.946
704.175
705.403
706.632
707.86
709.089
710.317
617.167
618.401
619.635
620.868
622.102
623.335
624.568
625.801
627.034
628.267
629.5
630.732
631.965
633.198
634.43
635.662
636.895
638.127
639.359
640.591
641.823
643.054
644.286
645.518
646.749
647.981
649.212
650.443
651.674
652.905
654.136
655.367
656.598
657.829
659.059
660.29
661.52
662.75
663.981
665.211
666.441
667.671
668.901
670.13
671.36
672.59
673.819
675.048
676.278
677.507
678.736
679.965
681.194
682.423
683.652
684.88
686.109
687.337
688.566
689.794
691.022
692.25
693.478
694.706
695.934
697.162
698.39
699.617
700.845
702.072
703.3
704.527
611.461
612.694
613.926
615.159
616.391
617.623
618.855
620.088
621.32
622.551
623.783
625.015
626.247
627.478
628.709
629.941
631.172
632.403
633.634
634.865
636.096
637.327
638.558
639.788
641.019
642.249
643.479
644.71
645.94
647.17
648.4
649.63
650.859
652.089
653.319
654.548
655.778
657.007
658.236
659.465
660.694
661.923
663.152
664.381
665.61
666.838
668.067
669.295
670.523
671.752
672.98
674.208
675.436
676.664
677.891
679.119
680.347
681.574
682.802
684.029
685.256
686.483
687.71
688.937
690.164
691.391
692.618
693.844
695.071
696.297
697.524
604.536
605.768
606.999
608.231
609.462
610.694
611.925
613.156
614.387
615.618
616.849
618.08
619.31
620.541
621.772
623.002
624.232
625.463
626.693
627.923
629.153
630.383
631.612
632.842
634.072
635.301
636.531
637.76
638.989
640.218
641.447
642.676
643.905
645.134
646.363
647.591
648.82
650.048
651.277
652.505
653.733
654.961
656.189
657.417
658.645
659.872
661.1
662.327
663.555
664.782
666.009
667.237
668.464
669.691
670.918
672.144
673.371
674.598
675.824
677.051
678.277
679.503
680.729
681.956
683.181
684.407
685.633
686.859
688.085
689.31
690.536
691.761
597.626
598.856
600.087
601.318
602.548
603.779
605.009
606.239
607.469
608.7
609.93
611.159
612.389
613.619
614.849
616.078
617.308
618.537
619.766
620.995
622.224
623.453
624.682
625.911
627.14
628.368
629.597
630.825
632.054
633.282
634.51
635.738
636.966
638.194
639.422
640.649
641.877
643.105
644.332
645.559
646.787
648.014
649.241
650.468
651.695
652.921
654.148
655.375
656.601
657.828
659.054
660.28
661.507
662.733
663.959
665.184
666.41
667.636
668.862
670.087
671.313
672.538
673.763
674.988
676.214
677.439
678.664
679.888
681.113
682.338
683.562
684.787
591.96
593.19
594.42
595.649
596.879
598.108
599.338
600.567
601.796
603.025
604.254
605.483
606.712
607.94
609.169
610.398
611.626
612.854
614.083
615.311
616.539
617.767
618.995
620.222
621.45
622.678
623.905
625.133
626.36
627.587
628.814
630.042
631.269
632.495
633.722
634.949
636.176
637.402
638.629
639.855
641.081
642.307
643.533
644.759
645.985
647.211
648.437
649.662
650.888
652.113
653.339
654.564
655.789
657.014
658.239
659.464
660.689
661.914
663.139
664.363
665.588
666.812
668.036
669.261
670.485
671.709
672.933
674.157
675.38
676.604
677.828
679.051
585.079
586.307
587.536
588.765
589.994
591.222
592.451
593.679
594.907
596.135
597.363
598.591
599.819
601.047
602.275
603.502
604.73
605.957
607.185
608.412
609.639
610.866
612.093
613.32
614.547
615.774
617
618.227
619.453
620.679
621.906
623.132
624.358
625.584
626.81
628.036
629.261
630.487
631.713
632.938
634.163
635.389
636.614
637.839
639.064
640.289
641.514
642.738
643.963
645.188
646.412
647.637
648.861
650.085
651.309
652.533
653.757
654.981
656.205
657.428
658.652
659.876
661.099
662.322
663.546
664.769
665.992
667.215
668.438
669.66
670.883
672.106
579.44
580.668
581.895
583.123
584.351
585.578
586.806
588.033
589.26
590.487
591.714
592.941
594.168
595.395
596.622
597.849
599.075
600.301
601.528
602.754
603.98
605.206
606.432
607.658
608.884
610.11
611.335
612.561
613.786
615.012
616.237
617.462
618.687
619.912
621.137
622.362
623.587
624.811
626.036
627.26
628.485
629.709
630.933
632.157
633.381
634.605
635.829
637.053
638.277
639.5
640.724
641.947
643.17
644.394
645.617
646.84
648.063
649.286
650.509
651.731
652.954
654.176
655.399
656.621
657.843
659.066
660.288
661.51
662.732
663.953
665.175
572.587
573.814
575.041
576.267
577.494
578.721
579.947
581.174
582.4
583.626
584.852
586.078
587.304
588.53
589.756
590.982
592.207
593.433
594.658
595.884
597.109
598.334
599.559
600.784
602.009
603.234
604.459
605.683
606.908
608.132
609.357
610.581
611.805
613.029
614.253
615.477
616.701
617.925
619.149
620.372
621.596
622.819
624.042
625.266
626.489
627.712
628.935
630.158
631.38
632.603
633.826
635.048
636.271
637.493
638.715
639.937
641.159
642.381
643.603
644.825
646.047
647.268
648.49
649.711
650.933
652.154
653.375
654.596
655.817
657.038
658.259
659.48
565.748
566.974
568.2
569.426
570.652
571.878
573.103
574.329
575.554
576.78
578.005
579.23
580.455
581.68
582.905
584.13
585.355
586.579
587.804
589.028
590.252
591.477
592.701
593.925
595.149
596.373
597.597
598.821
600.044
601.268
602.491
603.715
604.938
606.161
607.384
608.607
609.83
611.053
612.276
613.498
614.721
615.944
617.166
618.388
619.611
620.833
622.055
623.277
624.499
625.72
626.942
628.164
629.385
630.607
631.828
633.049
634.271
635.492
636.713
637.934
639.154
640.375
641.596
642.816
644.037
645.257
646.478
647.698
648.918
650.138
651.358
652.578
558.924
560.15
561.375
562.6
563.824
565.049
566.274
567.499
568.723
569.948
571.172
572.396
573.62
574.844
576.068
577.292
578.516
579.74
580.963
582.187
583.41
584.634
585.857
587.08
588.303
589.526
590.749
591.972
593.195
594.418
595.64
596.863
598.085
599.307
600.53
601.752
602.974
604.196
605.418
606.639
607.861
609.083
610.304
611.526
612.747
613.968
615.189
616.41
617.631
618.852
620.073
621.294
622.515
623.735
624.956
626.176
627.396
628.616
629.837
631.057
632.277
633.496
634.716
635.936
637.155
638.375
639.594
640.814
642.033
643.252
644.471
645.69
646.909
553.339
554.563
555.788
557.012
558.235
559.459
560.683
561.907
563.13
564.354
565.577
566.8
568.023
569.246
570.469
571.692
572.915
574.138
575.36
576.583
577.805
579.028
580.25
581.472
582.694
583.916
585.138
586.36
587.582
588.804
590.025
591.247
592.468
593.69
594.911
596.132
597.353
598.574
599.795
601.016
602.236
603.457
604.677
605.898
607.118
608.339
609.559
610.779
611.999
613.219
614.439
615.658
616.878
618.098
619.317
620.537
621.756
622.975
624.194
625.413
626.632
627.851
629.07
630.289
631.507
632.726
633.944
635.163
636.381
637.599
638.817
640.035
546.544
547.767
548.99
550.213
551.436
552.659
553.882
555.104
556.327
557.55
558.772
559.994
561.217
562.439
563.661
564.883
566.105
567.327
568.548
569.77
570.992
572.213
573.434
574.656
575.877
577.098
578.319
579.54
580.761
581.982
583.202
584.423
585.643
586.864
588.084
589.304
590.525
591.745
592.965
594.185
595.404
596.624
597.844
599.063
600.283
601.502
602.721
603.941
605.16
606.379
607.598
608.817
610.035
611.254
612.473
613.691
614.91
616.128
617.346
618.564
619.783
621.001
622.218
623.436
624.654
625.872
627.089
628.307
629.524
630.741
631.959
633.176
539.762
540.985
542.207
543.429
544.651
545.873
547.095
548.317
549.538
550.76
551.982
553.203
554.424
555.646
556.867
558.088
559.309
560.53
561.751
562.971
564.192
565.413
566.633
567.854
569.074
570.294
571.514
572.734
573.954
575.174
576.394
577.614
578.833
580.053
581.272
582.492
583.711
584.93
586.149
587.368
588.587
589.806
591.025
592.243
593.462
594.68
595.899
597.117
598.335
599.553
600.771
601.989
603.207
604.425
605.643
606.86
608.078
609.295
610.513
611.73
612.947
614.164
615.381
616.598
617.815
619.032
620.249
621.465
622.682
623.898
625.115
626.331
532.995
534.217
535.438
536.659
537.88
539.101
540.322
541.543
542.764
543.985
545.205
546.426
547.646
548.867
550.087
551.307
552.527
553.747
554.967
556.187
557.407
558.627
559.846
561.066
562.285
563.504
564.724
565.943
567.162
568.381
569.6
570.819
572.037
573.256
574.474
575.693
576.911
578.13
579.348
580.566
581.784
583.002
584.22
585.437
586.655
587.873
589.09
590.308
591.525
592.742
593.959
595.176
596.393
597.61
598.827
600.044
601.261
602.477
603.694
604.91
606.126
607.343
608.559
609.775
610.991
612.207
613.422
614.638
615.854
617.069
618.285
619.5
620.715
526.242
527.463
528.683
529.904
531.124
532.344
533.564
534.784
536.004
537.224
538.444
539.663
540.883
542.102
543.322
544.541
545.76
546.979
548.198
549.417
550.636
551.855
553.074
554.292
555.511
556.729
557.947
559.166
560.384
561.602
562.82
564.038
565.256
566.473
567.691
568.909
570.126
571.343
572.561
573.778
574.995
576.212
577.429
578.646
579.863
581.079
582.296
583.513
584.729
585.945
587.162
588.378
589.594
590.81
592.026
593.242
594.458
595.673
596.889
598.104
599.32
600.535
601.75
602.965
604.181
605.396
606.611
607.825
609.04
610.255
611.469
612.684
613.898
519.504
520.724
521.943
523.163
524.382
525.601
526.82
528.039
529.258
530.477
531.696
532.915
534.134
535.352
536.571
537.789
539.007
540.225
541.444
542.662
543.88
545.097
546.315
547.533
548.751
549.968
551.185
552.403
553.62
554.837
556.054
557.271
558.488
559.705
560.922
562.139
563.355
564.572
565.788
567.004
568.221
569.437
570.653
571.869
573.085
574.3
575.516
576.732
577.947
579.163
580.378
581.594
582.809
584.024
585.239
586.454
587.669
588.884
590.098
591.313
592.527
593.742
594.956
596.17
597.385
598.599
599.813
601.027
602.241
603.454
604.668
605.882
607.095
512.78
513.998
515.217
516.436
517.654
518.872
520.091
521.309
522.527
523.745
524.963
526.181
527.398
528.616
529.834
531.051
532.268
533.486
534.703
535.92
537.137
538.354
539.571
540.788
542.005
543.221
544.438
545.654
546.871
548.087
549.303
550.519
551.735
552.951
554.167
555.383
556.598
557.814
559.029
560.245
561.46
562.675
563.891
565.106
566.321
567.536
568.75
569.965
571.18
572.394
573.609
574.823
576.038
577.252
578.466
579.68
580.894
582.108
583.322
584.536
585.749
586.963
588.176
589.39
590.603
591.816
593.029
594.242
595.455
596.668
597.881
599.094
600.307
506.07
507.287
508.505
509.723
510.94
512.158
513.375
514.592
515.81
517.027
518.244
519.461
520.677
521.894
523.111
524.327
525.544
526.76
527.977
529.193
530.409
531.625
532.841
534.057
535.273
536.488
537.704
538.92
540.135
541.35
542.566
543.781
544.996
546.211
547.426
548.641
549.856
551.07
552.285
553.5
554.714
555.928
557.143
558.357
559.571
560.785
561.999
563.213
564.427
565.64
566.854
568.067
569.281
570.494
571.707
572.921
574.134
575.347
576.56
577.773
578.985
580.198
581.411
582.623
583.836
585.048
586.26
587.472
588.684
589.896
591.108
592.32
593.532
499.374
500.591
501.807
503.024
504.241
505.457
506.674
507.89
509.106
510.322
511.539
512.755
513.97
515.186
516.402
517.618
518.833
520.049
521.264
522.48
523.695
524.91
526.125
527.34
528.555
529.77
530.985
532.199
533.414
534.628
535.843
537.057
538.271
539.485
540.699
541.913
543.127
544.341
545.555
546.768
547.982
549.195
550.409
551.622
552.835
554.048
555.262
556.474
557.687
558.9
560.113
561.325
562.538
563.751
564.963
566.175
567.387
568.6
569.812
571.024
572.235
573.447
574.659
575.871
577.082
578.294
579.505
580.716
581.927
583.139
584.35
585.561
586.772
492.692
493.908
495.123
496.339
497.555
498.771
499.986
501.202
502.417
503.632
504.847
506.063
507.278
508.493
509.707
510.922
512.137
513.351
514.566
515.78
516.995
518.209
519.423
520.637
521.851
523.065
524.279
525.493
526.706
527.92
529.134
530.347
531.56
532.774
533.987
535.2
536.413
537.626
538.839
540.051
541.264
542.476
543.689
544.901
546.114
547.326
548.538
549.75
550.962
552.174
553.386
554.598
555.809
557.021
558.232
559.444
560.655
561.866
563.078
564.289
565.5
566.711
567.921
569.132
570.343
571.553
572.764
573.974
575.185
576.395
577.605
578.815
580.025
486.024
487.239
488.454
489.669
490.883
492.098
493.313
494.527
495.742
496.956
498.17
499.385
500.599
501.813
503.027
504.241
505.454
506.668
507.882
509.095
510.309
511.522
512.735
513.948
515.162
516.375
517.588
518.8
520.013
521.226
522.438
523.651
524.863
526.076
527.288
528.5
529.712
530.924
532.136
533.348
534.56
535.772
536.983
538.195
539.406
540.617
541.829
543.04
544.251
545.462
546.673
547.884
549.095
550.305
551.516
552.726
553.937
555.147
556.357
557.568
558.778
559.988
561.198
562.408
563.617
564.827
566.037
567.246
568.456
569.665
570.874
572.084
573.293
479.369
480.584
481.798
483.012
484.226
485.439
486.653
487.867
489.08
490.294
491.507
492.721
493.934
495.147
496.36
497.573
498.786
499.999
501.211
502.424
503.636
504.849
506.061
507.274
508.486
509.698
510.91
512.122
513.334
514.546
515.757
516.969
518.18
519.392
520.603
521.815
523.026
524.237
525.448
526.659
527.87
529.081
530.291
531.502
532.712
533.923
535.133
536.344
537.554
538.764
539.974
541.184
542.394
543.604
544.813
546.023
547.232
548.442
549.651
550.861
552.07
553.279
554.488
555.697
556.906
558.115
559.324
560.532
561.741
562.949
564.158
565.366
566.574
472.729
473.942
475.156
476.369
477.582
478.795
480.007
481.22
482.433
483.645
484.858
486.07
487.283
488.495
489.707
490.919
492.131
493.343
494.555
495.766
496.978
498.19
499.401
500.613
501.824
503.035
504.246
505.457
506.668
507.879
509.09
510.301
511.511
512.722
513.932
515.143
516.353
517.563
518.773
519.984
521.194
522.403
523.613
524.823
526.033
527.242
528.452
529.661
530.87
532.08
533.289
534.498
535.707
536.916
538.125
539.333
540.542
541.751
542.959
544.168
545.376
546.584
547.792
549
550.208
551.416
552.624
553.832
555.04
556.247
557.455
558.662
559.87
466.103
467.315
468.527
469.74
470.952
472.164
473.376
474.587
475.799
477.011
478.222
479.434
480.645
481.857
483.068
484.279
485.49
486.701
487.912
489.123
490.334
491.544
492.755
493.965
495.176
496.386
497.596
498.807
500.017
501.227
502.437
503.646
504.856
506.066
507.275
508.485
509.694
510.904
512.113
513.322
514.531
515.74
516.949
518.158
519.367
520.575
521.784
522.992
524.201
525.409
526.618
527.826
529.034
530.242
531.45
532.658
533.865
535.073
536.281
537.488
538.696
539.903
541.11
542.318
543.525
544.732
545.939
547.146
548.352
549.559
550.766
551.972
553.179
459.49
460.702
461.913
463.124
464.335
465.546
466.757
467.968
469.179
470.39
471.601
472.811
474.022
475.232
476.443
477.653
478.863
480.073
481.283
482.493
483.703
484.913
486.122
487.332
488.541
489.751
490.96
492.17
493.379
494.588
495.797
497.006
498.215
499.423
500.632
501.841
503.049
504.258
505.466
506.674
507.883
509.091
510.299
511.507
512.714
513.922
515.13
516.338
517.545
518.753
519.96
521.167
522.375
523.582
524.789
525.996
527.203
528.409
529.616
530.823
532.029
533.236
534.442
535.649
536.855
538.061
539.267
540.473
541.679
542.885
544.091
545.296
546.502
452.891
454.102
455.312
456.523
457.733
458.943
460.153
461.363
462.573
463.783
464.993
466.202
467.412
468.622
469.831
471.04
472.25
473.459
474.668
475.877
477.086
478.295
479.504
480.712
481.921
483.129
484.338
485.546
486.755
487.963
489.171
490.379
491.587
492.795
494.003
495.21
496.418
497.625
498.833
500.04
501.248
502.455
503.662
504.869
506.076
507.283
508.49
509.696
510.903
512.11
513.316
514.523
515.729
516.935
518.141
519.347
520.553
521.759
522.965
524.171
525.377
526.582
527.788
528.993
530.199
531.404
532.609
533.814
535.019
536.224
537.429
538.634
539.839
446.306
447.516
448.725
449.935
451.144
452.353
453.562
454.771
455.981
457.189
458.398
459.607
460.816
462.024
463.233
464.441
465.65
466.858
468.066
469.275
470.483
471.691
472.898
474.106
475.314
476.522
477.729
478.937
480.144
481.351
482.559
483.766
484.973
486.18
487.387
488.593
489.8
491.007
492.213
493.42
494.626
495.833
497.039
498.245
499.451
500.657
501.863
503.069
504.275
505.48
506.686
507.892
509.097
510.302
511.508
512.713
513.918
515.123
516.328
517.533
518.738
519.942
521.147
522.352
523.556
524.761
525.965
527.169
528.373
529.577
530.781
531.985
533.189
438.525
439.734
440.943
442.152
443.36
444.569
445.777
446.985
448.193
449.402
450.61
451.818
453.026
454.233
455.441
456.649
457.856
459.064
460.271
461.478
462.686
463.893
465.1
466.307
467.514
468.721
469.927
471.134
472.341
473.547
474.754
475.96
477.166
478.372
479.578
480.784
481.99
483.196
484.402
485.608
486.813
488.019
489.224
490.43
491.635
492.84
494.045
495.25
496.455
497.66
498.865
500.07
501.274
502.479
503.683
504.888
506.092
507.296
508.5
509.704
510.908
512.112
513.316
514.52
515.724
516.927
518.131
519.334
520.538
521.741
522.944
524.147
525.35
526.553
431.968
433.176
434.384
435.592
436.799
438.007
439.214
440.422
441.629
442.836
444.043
445.25
446.457
447.664
448.871
450.078
451.285
452.491
453.698
454.904
456.11
457.317
458.523
459.729
460.935
462.141
463.347
464.552
465.758
466.964
468.169
469.375
470.58
471.785
472.991
474.196
475.401
476.606
477.811
479.015
480.22
481.425
482.629
483.834
485.038
486.242
487.447
488.651
489.855
491.059
492.263
493.467
494.67
495.874
497.078
498.281
499.485
500.688
501.891
503.094
504.298
505.501
506.704
507.906
509.109
510.312
511.515
512.717
513.92
515.122
516.324
517.527
518.729
519.931
425.424
426.631
427.838
429.045
430.252
431.458
432.665
433.872
435.078
436.284
437.491
438.697
439.903
441.109
442.315
443.521
444.726
445.932
447.138
448.343
449.549
450.754
451.959
453.164
454.37
455.575
456.78
457.984
459.189
460.394
461.599
462.803
464.008
465.212
466.416
467.62
468.825
470.029
471.233
472.437
473.64
474.844
476.048
477.251
478.455
479.658
480.862
482.065
483.268
484.471
485.674
486.877
488.08
489.283
490.486
491.688
492.891
494.093
495.296
496.498
497.7
498.902
500.104
501.306
502.508
503.71
504.912
506.114
507.315
508.517
509.718
510.92
512.121
513.322
418.894
420.1
421.306
422.512
423.718
424.924
426.129
427.335
428.54
429.746
430.951
432.156
433.362
434.567
435.772
436.977
438.182
439.386
440.591
441.796
443
444.205
445.409
446.613
447.818
449.022
450.226
451.43
452.634
453.837
455.041
456.245
457.448
458.652
459.855
461.059
462.262
463.465
464.668
465.871
467.074
468.277
469.48
470.683
471.885
473.088
474.29
475.493
476.695
477.897
479.099
480.301
481.503
482.705
483.907
485.109
486.31
487.512
488.714
489.915
491.116
492.318
493.519
494.72
495.921
497.122
498.323
499.524
500.724
501.925
503.126
504.326
505.526
411.172
412.377
413.582
414.787
415.992
417.197
418.402
419.607
420.812
422.016
423.221
424.425
425.63
426.834
428.038
429.242
430.446
431.65
432.854
434.058
435.262
436.465
437.669
438.872
440.076
441.279
442.482
443.685
444.889
446.092
447.294
448.497
449.7
450.903
452.105
453.308
454.51
455.713
456.915
458.117
459.319
460.521
461.723
462.925
464.127
465.329
466.53
467.732
468.934
470.135
471.336
472.538
473.739
474.94
476.141
477.342
478.543
479.743
480.944
482.145
483.345
484.546
485.746
486.947
488.147
489.347
490.547
491.747
492.947
494.147
495.347
496.546
497.746
498.945
404.669
405.873
407.078
408.282
409.486
410.69
411.894
413.098
414.302
415.505
416.709
417.913
419.116
420.319
421.523
422.726
423.929
425.132
426.335
427.538
428.741
429.944
431.146
432.349
433.551
434.754
435.956
437.158
438.361
439.563
440.765
441.967
443.169
444.37
445.572
446.774
447.975
449.177
450.378
451.58
452.781
453.982
455.183
456.384
457.585
458.786
459.987
461.187
462.388
463.588
464.789
465.989
467.19
468.39
469.59
470.79
471.99
473.19
474.39
475.589
476.789
477.989
479.188
480.388
481.587
482.786
483.985
485.185
486.384
487.583
488.782
489.98
491.179
492.378
398.18
399.383
400.586
401.79
402.993
404.196
405.399
406.602
407.805
409.008
410.211
411.413
412.616
413.818
415.021
416.223
417.425
418.627
419.83
421.032
422.233
423.435
424.637
425.839
427.04
428.242
429.443
430.645
431.846
433.047
434.248
435.45
436.65
437.851
439.052
440.253
441.454
442.654
443.855
445.055
446.256
447.456
448.656
449.856
451.056
452.256
453.456
454.656
455.855
457.055
458.255
459.454
460.654
461.853
463.052
464.251
465.45
466.65
467.848
469.047
470.246
471.445
472.643
473.842
475.041
476.239
477.437
478.635
479.834
481.032
482.23
483.428
484.626
485.823
390.501
391.703
392.906
394.108
395.311
396.513
397.715
398.918
400.12
401.322
402.524
403.725
404.927
406.129
407.33
408.532
409.733
410.935
412.136
413.337
414.538
415.739
416.94
418.141
419.342
420.543
421.743
422.944
424.144
425.345
426.545
427.745
428.945
430.146
431.346
432.546
433.745
434.945
436.145
437.344
438.544
439.743
440.943
442.142
443.341
444.541
445.74
446.939
448.138
449.336
450.535
451.734
452.932
454.131
455.329
456.528
457.726
458.924
460.122
461.321
462.519
463.716
464.914
466.112
467.31
468.507
469.705
470.902
472.1
473.297
474.494
475.691
476.888
478.085
384.039
385.24
386.442
387.644
388.845
390.046
391.248
392.449
393.65
394.851
396.052
397.253
398.454
399.655
400.856
402.056
403.257
404.457
405.658
406.858
408.058
409.258
410.458
411.658
412.858
414.058
415.258
416.457
417.657
418.857
420.056
421.255
422.455
423.654
424.853
426.052
427.251
428.45
429.649
430.847
432.046
433.245
434.443
435.642
436.84
438.038
439.236
440.434
441.632
442.83
444.028
445.226
446.424
447.622
448.819
450.017
451.214
452.411
453.609
454.806
456.003
457.2
458.397
459.594
460.791
461.987
463.184
464.38
465.577
466.773
467.97
469.166
470.362
471.558
376.389
377.59
378.79
379.991
381.192
382.392
383.593
384.793
385.994
387.194
388.394
389.594
390.794
391.994
393.194
394.394
395.594
396.793
397.993
399.192
400.392
401.591
402.79
403.99
405.189
406.388
407.587
408.785
409.984
411.183
412.382
413.58
414.779
415.977
417.175
418.373
419.572
420.77
421.968
423.166
424.363
425.561
426.759
427.957
429.154
430.352
431.549
432.746
433.943
435.141
436.338
437.535
438.732
439.928
441.125
442.322
443.518
444.715
445.911
447.108
448.304
449.5
450.697
451.893
453.089
454.285
455.48
456.676
457.872
459.067
460.263
461.458
462.654
463.849
369.954
371.154
372.354
373.553
374.753
375.953
377.152
378.352
379.551
380.751
381.95
383.149
384.348
385.548
386.746
387.945
389.144
390.343
391.542
392.74
393.939
395.137
396.336
397.534
398.732
399.93
401.128
402.326
403.524
404.722
405.92
407.117
408.315
409.512
410.71
411.907
413.104
414.302
415.499
416.696
417.893
419.09
420.286
421.483
422.68
423.876
425.073
426.269
427.466
428.662
429.858
431.054
432.25
433.446
434.642
435.838
437.034
438.229
439.425
440.62
441.816
443.011
444.206
445.401
446.597
447.792
448.987
450.182
451.376
452.571
453.766
454.96
456.155
457.349
362.332
363.532
364.731
365.93
367.129
368.327
369.526
370.725
371.924
373.122
374.321
375.519
376.717
377.916
379.114
380.312
381.51
382.708
383.906
385.103
386.301
387.499
388.696
389.894
391.091
392.288
393.486
394.683
395.88
397.077
398.274
399.471
400.667
401.864
403.061
404.257
405.454
406.65
407.846
409.043
410.239
411.435
412.631
413.827
415.023
416.218
417.414
418.61
419.805
421.001
422.196
423.391
424.587
425.782
426.977
428.172
429.367
430.562
431.756
432.951
434.146
435.34
436.535
437.729
438.923
440.118
441.312
442.506
443.7
444.894
446.088
447.282
448.475
449.669
450.862
355.924
357.122
358.321
359.519
360.717
361.915
363.113
364.31
365.508
366.706
367.903
369.101
370.298
371.496
372.693
373.89
375.087
376.284
377.481
378.678
379.875
381.072
382.268
383.465
384.661
385.858
387.054
388.25
389.447
390.643
391.839
393.035
394.231
395.426
396.622
397.818
399.013
400.209
401.404
402.599
403.795
404.99
406.185
407.38
408.575
409.77
410.965
412.159
413.354
414.549
415.743
416.938
418.132
419.326
420.52
421.715
422.909
424.103
425.296
426.49
427.684
428.878
430.071
431.265
432.458
433.652
434.845
436.038
437.231
438.424
439.617
440.81
442.003
443.196
348.331
349.529
350.726
351.923
353.121
354.318
355.515
356.712
357.909
359.106
360.302
361.499
362.696
363.892
365.089
366.285
367.481
368.678
369.874
371.07
372.266
373.462
374.657
375.853
377.049
378.245
379.44
380.635
381.831
383.026
384.221
385.417
386.612
387.807
389.001
390.196
391.391
392.586
393.78
394.975
396.169
397.364
398.558
399.752
400.946
402.14
403.334
404.528
405.722
406.916
408.11
409.303
410.497
411.69
412.884
414.077
415.27
416.463
417.657
418.85
420.043
421.235
422.428
423.621
424.814
426.006
427.199
428.391
429.583
430.776
431.968
433.16
434.352
435.544
436.736
341.95
343.146
344.343
345.539
346.735
347.932
349.128
350.324
351.52
352.716
353.912
355.108
356.303
357.499
358.695
359.89
361.085
362.281
363.476
364.671
365.866
367.061
368.256
369.451
370.646
371.841
373.035
374.23
375.424
376.619
377.813
379.007
380.201
381.395
382.59
383.783
384.977
386.171
387.365
388.558
389.752
390.946
392.139
393.332
394.526
395.719
396.912
398.105
399.298
400.491
401.684
402.876
404.069
405.262
406.454
407.647
408.839
410.031
411.223
412.416
413.608
414.8
415.992
417.183
418.375
419.567
420.758
421.95
423.141
424.333
425.524
426.715
427.907
429.098
334.385
335.581
336.777
337.972
339.168
340.363
341.558
342.754
343.949
345.144
346.339
347.534
348.729
349.924
351.118
352.313
353.508
354.702
355.897
357.091
358.285
359.48
360.674
361.868
363.062
364.256
365.449
366.643
367.837
369.03
370.224
371.417
372.611
373.804
374.997
376.19
377.383
378.576
379.769
380.962
382.155
383.348
384.54
385.733
386.925
388.118
389.31
390.502
391.694
392.886
394.078
395.27
396.462
397.654
398.846
400.037
401.229
402.42
403.612
404.803
405.994
407.186
408.377
409.568
410.759
411.95
413.14
414.331
415.522
416.712
417.903
419.093
420.284
421.474
326.835
328.03
329.225
330.42
331.614
332.809
334.003
335.198
336.392
337.587
338.781
339.975
341.169
342.363
343.557
344.751
345.945
347.138
348.332
349.525
350.719
351.912
353.106
354.299
355.492
356.685
357.878
359.071
360.264
361.457
362.649
363.842
365.034
366.227
367.419
368.612
369.804
370.996
372.188
373.38
374.572
375.764
376.956
378.148
379.339
380.531
381.722
382.914
384.105
385.296
386.488
387.679
388.87
390.061
391.252
392.442
393.633
394.824
396.015
397.205
398.396
399.586
400.776
401.966
403.157
404.347
405.537
406.727
407.917
409.106
410.296
411.486
412.675
413.865
415.054
320.494
321.688
322.881
324.075
325.269
326.463
327.656
328.85
330.044
331.237
332.43
333.623
334.817
336.01
337.203
338.396
339.589
340.781
341.974
343.167
344.359
345.552
346.744
347.937
349.129
350.321
351.513
352.705
353.897
355.089
356.281
357.473
358.664
359.856
361.047
362.239
363.43
364.622
365.813
367.004
368.195
369.386
370.577
371.768
372.958
374.149
375.34
376.53
377.721
378.911
380.102
381.292
382.482
383.672
384.862
386.052
387.242
388.432
389.621
390.811
392.001
393.19
394.38
395.569
396.758
397.948
399.137
400.326
401.515
402.704
403.892
405.081
406.27
407.459
312.971
314.165
315.358
316.551
317.744
318.937
320.129
321.322
322.515
323.707
324.9
326.092
327.285
328.477
329.669
330.861
332.053
333.245
334.437
335.629
336.821
338.013
339.204
340.396
341.587
342.778
343.97
345.161
346.352
347.543
348.734
349.925
351.116
352.307
353.498
354.688
355.879
357.069
358.26
359.45
360.64
361.83
363.02
364.211
365.4
366.59
367.78
368.97
370.16
371.349
372.539
373.728
374.918
376.107
377.296
378.485
379.674
380.863
382.052
383.241
384.43
385.619
386.807
387.996
389.184
390.373
391.561
392.749
393.937
395.126
396.314
397.502
398.689
399.877
401.065
305.463
306.656
307.848
309.04
310.233
311.425
312.617
313.809
315
316.192
317.384
318.575
319.767
320.958
322.15
323.341
324.532
325.724
326.915
328.106
329.297
330.487
331.678
332.869
334.06
335.25
336.441
337.631
338.821
340.012
341.202
342.392
343.582
344.772
345.962
347.152
348.341
349.531
350.721
351.91
353.1
354.289
355.478
356.668
357.857
359.046
360.235
361.424
362.613
363.801
364.99
366.179
367.367
368.556
369.744
370.933
372.121
373.309
374.497
375.685
376.873
378.061
379.249
380.437
381.624
382.812
384
385.187
386.374
387.562
388.749
389.936
391.123
392.31
393.497
297.97
299.161
300.353
301.544
302.736
303.927
305.118
306.309
307.5
308.691
309.882
311.073
312.264
313.454
314.645
315.835
317.026
318.216
319.406
320.596
321.787
322.977
324.167
325.357
326.546
327.736
328.926
330.115
331.305
332.494
333.684
334.873
336.062
337.251
338.441
339.63
340.818
342.007
343.196
344.385
345.573
346.762
347.951
349.139
350.327
351.516
352.704
353.892
355.08
356.268
357.456
358.644
359.831
361.019
362.207
363.394
364.582
365.769
366.956
368.144
369.331
370.518
371.705
372.892
374.079
375.266
376.452
377.639
378.826
380.012
381.199
382.385
383.571
384.758
385.944
290.49
291.681
292.872
294.062
295.253
296.443
297.634
298.824
300.014
301.204
302.394
303.584
304.774
305.964
307.154
308.343
309.533
310.723
311.912
313.101
314.291
315.48
316.669
317.858
319.047
320.236
321.425
322.614
323.803
324.991
326.18
327.368
328.557
329.745
330.933
332.122
333.31
334.498
335.686
336.874
338.061
339.249
340.437
341.624
342.812
344
345.187
346.374
347.561
348.749
349.936
351.123
352.31
353.497
354.683
355.87
357.057
358.243
359.43
360.616
361.803
362.989
364.175
365.361
366.548
367.734
368.919
370.105
371.291
372.477
373.663
374.848
376.034
377.219
378.404
284.215
285.405
286.595
287.784
288.974
290.163
291.353
292.542
293.732
294.921
296.11
297.299
298.488
299.677
300.866
302.055
303.243
304.432
305.621
306.809
307.998
309.186
310.374
311.562
312.75
313.939
315.126
316.314
317.502
318.69
319.878
321.065
322.253
323.44
324.628
325.815
327.002
328.189
329.376
330.564
331.75
332.937
334.124
335.311
336.498
337.684
338.871
340.057
341.243
342.43
343.616
344.802
345.988
347.174
348.36
349.546
350.732
351.918
353.103
354.289
355.474
356.66
357.845
359.03
360.216
361.401
362.586
363.771
364.956
366.14
367.325
368.51
369.695
370.879
372.064
276.763
277.952
279.141
280.33
281.519
282.707
283.896
285.084
286.273
287.461
288.65
289.838
291.026
292.214
293.402
294.59
295.778
296.966
298.154
299.342
300.529
301.717
302.904
304.091
305.279
306.466
307.653
308.84
310.027
311.214
312.401
313.588
314.775
315.961
317.148
318.334
319.521
320.707
321.893
323.08
324.266
325.452
326.638
327.824
329.01
330.195
331.381
332.567
333.752
334.938
336.123
337.309
338.494
339.679
340.864
342.049
343.234
344.419
345.604
346.789
347.973
349.158
350.343
351.527
352.712
353.896
355.08
356.264
357.448
358.633
359.817
361
362.184
363.368
364.552
269.325
270.513
271.701
272.889
274.077
275.265
276.453
277.641
278.828
280.016
281.203
282.391
283.578
284.766
285.953
287.14
288.327
289.514
290.701
291.888
293.075
294.261
295.448
296.635
297.821
299.008
300.194
301.38
302.566
303.753
304.939
306.125
307.31
308.496
309.682
310.868
312.053
313.239
314.424
315.61
316.795
317.98
319.166
320.351
321.536
322.721
323.906
325.091
326.275
327.46
328.645
329.829
331.014
332.198
333.382
334.567
335.751
336.935
338.119
339.303
340.487
341.671
342.854
344.038
345.222
346.405
347.589
348.772
349.955
351.139
352.322
353.505
354.688
355.871
357.054
261.901
263.088
264.276
265.463
266.65
267.837
269.024
270.211
271.398
272.585
273.771
274.958
276.144
277.331
278.517
279.704
280.89
282.076
283.262
284.448
285.634
286.82
288.006
289.192
290.377
291.563
292.749
293.934
295.119
296.305
297.49
298.675
299.86
301.045
302.23
303.415
304.6
305.785
306.969
308.154
309.339
310.523
311.707
312.892
314.076
315.26
316.444
317.628
318.812
319.996
321.18
322.364
323.547
324.731
325.914
327.098
328.281
329.465
330.648
331.831
333.014
334.197
335.38
336.563
337.746
338.928
340.111
341.294
342.476
343.659
344.841
346.023
347.206
348.388
349.57
254.491
255.677
256.864
258.05
259.236
260.423
261.609
262.795
263.981
265.167
266.353
267.539
268.724
269.91
271.096
272.281
273.467
274.652
275.837
277.023
278.208
279.393
280.578
281.763
282.948
284.132
285.317
286.502
287.686
288.871
290.055
291.24
292.424
293.608
294.792
295.976
297.161
298.344
299.528
300.712
301.896
303.079
304.263
305.447
306.63
307.813
308.997
310.18
311.363
312.546
313.729
314.912
316.095
317.278
318.46
319.643
320.826
322.008
323.191
324.373
325.555
326.737
327.92
329.102
330.284
331.466
332.647
333.829
335.011
336.193
337.374
338.556
339.737
340.919
342.1
247.094
248.28
249.466
250.651
251.837
253.022
254.208
255.393
256.578
257.763
258.948
260.133
261.318
262.503
263.688
264.873
266.057
267.242
268.426
269.611
270.795
271.979
273.164
274.348
275.532
276.716
277.9
279.084
280.267
281.451
282.635
283.818
285.002
286.185
287.368
288.552
289.735
290.918
292.101
293.284
294.467
295.65
296.833
298.015
299.198
300.38
301.563
302.745
303.928
305.11
306.292
307.474
308.656
309.838
311.02
312.202
313.384
314.566
315.747
316.929
318.11
319.292
320.473
321.654
322.835
324.017
325.198
326.379
327.56
328.74
329.921
331.102
332.283
333.463
334.644
239.712
240.897
242.082
243.266
244.451
245.636
246.82
248.005
249.189
250.373
251.558
252.742
253.926
255.11
256.294
257.478
258.662
259.845
261.029
262.213
263.396
264.58
265.763
266.946
268.13
269.313
270.496
271.679
272.862
274.045
275.228
276.41
277.593
278.776
279.958
281.141
282.323
283.505
284.688
285.87
287.052
288.234
289.416
290.598
291.78
292.961
294.143
295.325
296.506
297.688
298.869
300.05
301.232
302.413
303.594
304.775
305.956
307.137
308.318
309.498
310.679
311.86
313.04
314.221
315.401
316.581
317.762
318.942
320.122
321.302
322.482
323.662
324.842
326.022
327.201
232.343
233.527
234.711
235.895
237.079
238.263
239.447
240.63
241.814
242.997
244.181
245.364
246.547
247.731
248.914
250.097
251.28
252.463
253.646
254.828
256.011
257.194
258.376
259.559
260.741
261.924
263.106
264.288
265.47
266.652
267.834
269.016
270.198
271.38
272.562
273.743
274.925
276.106
277.288
278.469
279.651
280.832
282.013
283.194
284.375
285.556
286.737
287.918
289.098
290.279
291.46
292.64
293.821
295.001
296.181
297.362
298.542
299.722
300.902
302.082
303.262
304.441
305.621
306.801
307.981
309.16
310.34
311.519
312.698
313.878
315.057
316.236
317.415
318.594
319.773
224.988
226.171
227.355
228.538
229.721
230.904
232.087
233.269
234.452
235.635
236.817
238
239.182
240.365
241.547
242.729
243.912
245.094
246.276
247.458
248.64
249.822
251.003
252.185
253.367
254.548
255.73
256.911
258.092
259.274
260.455
261.636
262.817
263.998
265.179
266.36
267.541
268.721
269.902
271.082
272.263
273.443
274.624
275.804
276.984
278.164
279.344
280.524
281.704
282.884
284.064
285.244
286.423
287.603
288.782
289.962
291.141
292.32
293.5
294.679
295.858
297.037
298.216
299.395
300.574
301.752
302.931
304.11
305.288
306.467
307.645
308.823
310.002
311.18
312.358
217.647
218.829
220.011
221.194
222.376
223.558
224.74
225.922
227.104
228.286
229.468
230.65
231.831
233.013
234.194
235.376
236.557
237.738
238.92
240.101
241.282
242.463
243.644
244.825
246.006
247.186
248.367
249.548
250.728
251.909
253.089
254.269
255.45
256.63
257.81
258.99
260.17
261.35
262.53
263.709
264.889
266.069
267.248
268.428
269.607
270.786
271.966
273.145
274.324
275.503
276.682
277.861
279.04
280.218
281.397
282.576
283.754
284.933
286.111
287.29
288.468
289.646
290.824
292.002
293.18
294.358
295.536
296.714
297.892
299.069
300.247
301.425
302.602
303.779
304.957
210.319
211.5
212.682
213.863
215.045
216.226
217.407
218.589
219.77
220.951
222.132
223.313
224.494
225.674
226.855
228.036
229.216
230.397
231.577
232.758
233.938
235.118
236.298
237.478
238.658
239.838
241.018
242.198
243.377
244.557
245.737
246.916
248.096
249.275
250.454
251.633
252.813
253.992
255.171
256.35
257.529
258.707
259.886
261.065
262.243
263.422
264.6
265.779
266.957
268.135
269.313
270.492
271.67
272.848
274.025
275.203
276.381
277.559
278.736
279.914
281.091
282.269
283.446
284.623
285.801
286.978
288.155
289.332
290.509
291.686
292.863
294.039
295.216
296.393
297.569
201.824
203.004
204.185
205.366
206.547
207.727
208.908
210.088
211.269
212.449
213.629
214.809
215.989
217.169
218.349
219.529
220.709
221.889
223.069
224.248
225.428
226.607
227.787
228.966
230.145
231.324
232.503
233.682
234.861
236.04
237.219
238.398
239.577
240.755
241.934
243.112
244.291
245.469
246.647
247.826
249.004
250.182
251.36
252.538
253.716
254.893
256.071
257.249
258.426
259.604
260.781
261.959
263.136
264.313
265.49
266.667
267.844
269.021
270.198
271.375
272.552
273.729
274.905
276.082
277.258
278.435
279.611
280.787
281.963
283.14
284.316
285.492
286.668
287.843
289.019
290.195
194.524
195.704
196.884
198.064
199.243
200.423
201.603
202.782
203.962
205.142
206.321
207.5
208.68
209.859
211.038
212.217
213.396
214.575
215.754
216.933
218.111
219.29
220.469
221.647
222.826
224.004
225.182
226.36
227.539
228.717
229.895
231.073
232.251
233.428
234.606
235.784
236.961
238.139
239.316
240.494
241.671
242.848
244.026
245.203
246.38
247.557
248.734
249.91
251.087
252.264
253.441
254.617
255.794
256.97
258.146
259.323
260.499
261.675
262.851
264.027
265.203
266.379
267.555
268.731
269.906
271.082
272.258
273.433
274.608
275.784
276.959
278.134
279.309
280.484
281.659
282.834
187.237
188.416
189.595
190.774
191.953
193.132
194.311
195.49
196.669
197.848
199.026
200.205
201.383
202.562
203.74
204.918
206.096
207.274
208.453
209.63
210.808
211.986
213.164
214.342
215.519
216.697
217.874
219.052
220.229
221.406
222.584
223.761
224.938
226.115
227.292
228.469
229.645
230.822
231.999
233.175
234.352
235.528
236.705
237.881
239.057
240.234
241.41
242.586
243.762
244.938
246.113
247.289
248.465
249.641
250.816
251.992
253.167
254.342
255.518
256.693
257.868
259.043
260.218
261.393
262.568
263.743
264.918
266.092
267.267
268.441
269.616
270.79
271.965
273.139
274.313
275.487
179.964
181.142
182.32
183.499
184.677
185.855
187.033
188.211
189.389
190.567
191.745
192.922
194.1
195.278
196.455
197.633
198.81
199.987
201.165
202.342
203.519
204.696
205.873
207.05
208.227
209.403
210.58
211.757
212.933
214.11
215.286
216.462
217.639
218.815
219.991
221.167
222.343
223.519
224.695
225.871
227.046
228.222
229.397
230.573
231.748
232.924
234.099
235.274
236.449
237.625
238.8
239.975
241.149
242.324
243.499
244.674
245.848
247.023
248.197
249.372
250.546
251.721
252.895
254.069
255.243
256.417
257.591
258.765
259.939
261.112
262.286
263.46
264.633
265.807
266.98
268.153
171.526
172.704
173.881
175.059
176.236
177.414
178.591
179.768
180.946
182.123
183.3
184.477
185.654
186.83
188.007
189.184
190.36
191.537
192.714
193.89
195.066
196.243
197.419
198.595
199.771
200.947
202.123
203.299
204.475
205.65
206.826
208.002
209.177
210.353
211.528
212.703
213.879
215.054
216.229
217.404
218.579
219.754
220.929
222.103
223.278
224.453
225.627
226.802
227.976
229.151
230.325
231.499
232.673
233.847
235.021
236.195
237.369
238.543
239.717
240.891
242.064
243.238
244.411
245.585
246.758
247.931
249.104
250.278
251.451
252.624
253.797
254.97
256.142
257.315
258.488
259.66
164.28
165.457
166.634
167.811
168.987
170.164
171.34
172.517
173.693
174.869
176.046
177.222
178.398
179.574
180.75
181.926
183.102
184.277
185.453
186.629
187.804
188.98
190.155
191.33
192.506
193.681
194.856
196.031
197.206
198.381
199.556
200.731
201.905
203.08
204.254
205.429
206.603
207.778
208.952
210.126
211.301
212.475
213.649
214.823
215.997
217.17
218.344
219.518
220.691
221.865
223.039
224.212
225.385
226.559
227.732
228.905
230.078
231.251
232.424
233.597
234.77
235.943
237.115
238.288
239.46
240.633
241.805
242.978
244.15
245.322
246.494
247.666
248.838
250.01
251.182
252.354
157.048
158.224
159.4
160.576
161.751
162.927
164.103
165.278
166.454
167.629
168.805
169.98
171.155
172.331
173.506
174.681
175.856
177.031
178.206
179.38
180.555
181.73
182.904
184.079
185.253
186.428
187.602
188.776
189.951
191.125
192.299
193.473
194.647
195.82
196.994
198.168
199.342
200.515
201.689
202.862
204.035
205.209
206.382
207.555
208.728
209.901
211.074
212.247
213.42
214.593
215.765
216.938
218.111
219.283
220.455
221.628
222.8
223.972
225.144
226.317
227.489
228.661
229.832
231.004
232.176
233.348
234.519
235.691
236.862
238.034
239.205
240.376
241.548
242.719
243.89
245.061
148.653
149.828
151.003
152.178
153.354
154.529
155.703
156.878
158.053
159.228
160.403
161.577
162.752
163.926
165.101
166.275
167.449
168.623
169.797
170.971
172.145
173.319
174.493
175.667
176.841
178.014
179.188
180.361
181.535
182.708
183.882
185.055
186.228
187.401
188.574
189.747
190.92
192.093
193.266
194.438
195.611
196.783
197.956
199.128
200.301
201.473
202.645
203.817
204.989
206.161
207.333
208.505
209.677
210.849
212.021
213.192
214.364
215.535
216.707
217.878
219.049
220.221
221.392
222.563
223.734
224.905
226.076
227.246
228.417
229.588
230.759
231.929
233.1
234.27
235.44
236.611
141.447
142.622
143.796
144.97
146.145
147.319
148.493
149.667
150.841
152.015
153.189
154.363
155.536
156.71
157.884
159.057
160.23
161.404
162.577
163.75
164.924
166.097
167.27
168.443
169.616
170.788
171.961
173.134
174.306
175.479
176.652
177.824
178.996
180.169
181.341
182.513
183.685
184.857
186.029
187.201
188.373
189.545
190.716
191.888
193.059
194.231
195.402
196.574
197.745
198.916
200.087
201.258
202.429
203.6
204.771
205.942
207.113
208.284
209.454
210.625
211.795
212.966
214.136
215.306
216.476
217.647
218.817
219.987
221.157
222.327
223.496
224.666
225.836
227.006
228.175
229.345
133.081
134.255
135.428
136.602
137.775
138.949
140.122
141.296
142.469
143.642
144.815
145.988
147.161
148.334
149.507
150.68
151.852
153.025
154.197
155.37
156.542
157.715
158.887
160.059
161.231
162.403
163.575
164.747
165.919
167.091
168.263
169.435
170.606
171.778
172.949
174.121
175.292
176.463
177.634
178.806
179.977
181.148
182.319
183.49
184.66
185.831
187.002
188.172
189.343
190.513
191.684
192.854
194.025
195.195
196.365
197.535
198.705
199.875
201.045
202.215
203.384
204.554
205.724
206.893
208.063
209.232
210.402
211.571
212.74
213.909
215.078
216.247
217.416
218.585
219.754
220.923
222.092
125.902
127.075
128.248
129.421
130.593
131.766
132.939
134.111
135.283
136.456
137.628
138.8
139.972
141.145
142.317
143.489
144.66
145.832
147.004
148.176
149.347
150.519
151.69
152.862
154.033
155.204
156.376
157.547
158.718
159.889
161.06
162.231
163.401
164.572
165.743
166.913
168.084
169.254
170.425
171.595
172.765
173.936
175.106
176.276
177.446
178.616
179.786
180.956
182.125
183.295
184.465
185.634
186.804
187.973
189.142
190.312
191.481
192.65
193.819
194.988
196.157
197.326
198.495
199.664
200.832
202.001
203.17
204.338
205.506
206.675
207.843
209.011
210.18
211.348
212.516
213.684
117.564
118.736
119.908
121.08
122.252
123.424
124.596
125.768
126.939
128.111
129.283
130.454
131.626
132.797
133.968
135.139
136.31
137.482
138.653
139.823
140.994
142.165
143.336
144.507
145.677
146.848
148.018
149.189
150.359
151.529
152.699
153.869
155.04
156.21
157.379
158.549
159.719
160.889
162.059
163.228
164.398
165.567
166.737
167.906
169.075
170.244
171.414
172.583
173.752
174.921
176.089
177.258
178.427
179.596
180.764
181.933
183.101
184.27
185.438
186.606
187.775
188.943
190.111
191.279
192.447
193.615
194.783
195.95
197.118
198.286
199.453
200.621
201.788
202.956
204.123
205.29
206.457
117.439
118.61
119.781
120.952
122.122
123.293
124.464
125.634
126.805
127.975
129.145
130.316
131.486
132.656
133.826
134.996
136.166
137.336
138.505
139.675
140.845
142.014
143.184
144.353
145.523
146.692
147.861
149.031
150.2
151.369
152.538
153.707
154.876
156.044
157.213
158.382
159.55
160.719
161.887
163.056
164.224
165.392
166.561
167.729
168.897
170.065
171.233
172.401
173.569
174.736
175.904
177.072
178.239
179.407
180.574
181.741
182.909
184.076
185.243
186.41
187.577
188.744
189.911
191.078
192.245
193.411
194.578
195.745
196.911
198.078
117.314
118.484
119.654
120.823
121.993
123.162
124.332
125.501
126.67
127.839
129.009
130.178
131.347
132.516
133.684
134.853
136.022
137.191
138.359
139.528
140.696
141.864
143.033
144.201
145.369
146.537
147.705
148.873
150.041
151.209
152.377
153.545
154.712
155.88
157.048
158.215
159.382
160.55
161.717
162.884
164.051
165.218
166.386
167.552
168.719
169.886
171.053
172.22
173.386
174.553
175.719
176.886
178.052
179.218
180.385
181.551
182.717
183.883
185.049
186.215
187.381
188.547
189.712
190.878
117.191
118.359
119.527
120.696
121.864
123.032
124.201
125.369
126.537
127.705
128.873
130.04
131.208
132.376
133.544
134.711
135.879
137.046
138.213
139.381
140.548
141.715
142.882
144.049
145.216
146.383
147.55
148.717
149.884
151.05
152.217
153.384
154.55
155.716
156.883
158.049
159.215
160.381
161.548
162.714
163.88
165.045
166.211
167.377
168.543
169.708
170.874
172.039
173.205
174.37
175.536
176.701
177.866
179.031
180.196
181.361
182.526
117.067
118.234
119.402
120.569
121.736
122.903
124.07
125.237
126.404
127.57
128.737
129.904
131.07
132.237
133.403
134.57
135.736
136.902
138.069
139.235
140.401
141.567
142.733
143.899
145.064
146.23
147.396
148.561
149.727
150.892
152.058
153.223
154.388
155.554
156.719
157.884
159.049
160.214
161.379
162.544
163.708
164.873
166.038
167.202
168.367
169.531
170.696
171.86
173.024
174.189
116.944
118.111
119.277
120.443
121.608
122.774
123.94
125.106
126.271
127.437
128.603
129.768
130.933
132.099
133.264
134.429
135.594
136.759
137.924
139.089
140.254
141.419
142.584
143.748
144.913
146.078
147.242
148.406
149.571
150.735
151.899
153.064
154.228
155.392
156.556
157.72
158.883
160.047
161.211
162.375
163.538
164.702
165.865
167.029
116.822
117.987
119.152
120.317
121.482
122.646
123.811
124.975
126.14
127.304
128.468
129.633
130.797
131.961
133.125
134.289
135.453
136.617
137.781
138.945
140.108
141.272
142.435
143.599
144.762
145.926
147.089
148.252
149.416
150.579
151.742
152.905
154.068
155.231
156.393
157.556
158.719
116.701
117.864
119.028
120.192
121.355
122.519
123.682
124.845
126.009
127.172
128.335
129.498
130.661
131.824
132.987
134.15
135.313
136.475
137.638
138.801
139.963
141.126
142.288
143.45
144.613
145.775
146.937
148.099
149.261
150.423
116.58
117.742
118.905
120.067
121.23
122.392
123.554
124.716
125.878
127.04
128.202
129.364
130.526
131.688
132.85
134.011
135.173
136.334
137.496
138.657
139.819
140.98
142.141
143.302
116.459
117.621
118.782
119.943
121.105
122.266
123.427
124.588
125.749
126.91
128.07
129.231
130.392
131.552
132.713
133.873
135.034
116.34
117.5
118.66
119.82
120.98
122.14
123.3
124.46
125.62
126.779
116.221
117.38
118.539
